0.7302332515138017
0.38466165149345455
0.7132912532250428
0.34842674161384135
0.696349254936284
0.31219183173422815
0.6794072566475251
0.27595692185461496
0.6624652583587662
0.23972201197500173
0.6455232600700074
0.2034871020953885
0.7969088127384416
0.583647293205138
0.7955341566055646
0.623623665233079
0.7941595004726876
0.66360003726102
0.7927848443398106
0.703576409288961
0.7914101882069335
0.7435527813169021
0.7900355320740565
0.7835291533448431
1.0086980399579333
0.6594952147738782
0.9831334952352192
0.6902597081570033
0.9575689505125051
0.7210242015401285
0.932004405789791
0.7517886949232536
0.906439861067077
0.7825531883063788
0.8808753163443629
0.8133176816895039
0.5812829031633472
0.9712060916534239
0.6166096545402525
0.9524438786401804
0.6519364059171578
0.933681665626937
0.6872631572940632
0.9149194526136936
0.7225899086709685
0.8961572396004501
0.7579166600478738
0.8773950265872067
0.16882842957216215
0.32882268927464225
0.14074020790639047
0.357301660528086
0.1126519862406188
0.3857806317815297
0.08456376457484713
0.41425960303497344
0.05647554290907546
0.4427385742884172
0.028387321243303783
0.4712175455418609
0.4955816511932794
0.45748071182363625
0.4678062488966032
0.48626485723839186
0.44003084659992703
0.5150490026531475
0.41225544430325084
0.5438331480679031
0.38448004200657465
0.5726172934826587
0.35670463970989846
0.6014014388974143
0.8421058632171481
0.37821103766725106
0.8145619033410375
0.34920534384098284
0.7870179434649269
0.3201996500147146
0.7594739835888163
0.2911939561884464
0.7319300237127058
0.2621882623621782
0.7043860638365952
0.23318256853591
0.09857833583950816
0.9118425376546042
0.12573748029598852
0.9412088597326588
0.15289662475246887
0.9705751818107133
0.18005576920894922
0.9999415038887679
0.20721491366542957
1.0293078259668225
0.23437405812190992
1.058674148044877
1.0617927503394438
0.0577105883373887
1.0282338423118729
0.07947752868271588
0.9946749342843019
0.10124446902804304
0.9611160262567309
0.12301140937337021
0.9275571182291599
0.14477834971869738
0.8939982102015889
0.16654529006402455
0.8779443157976101
0.9739877753092082
0.9173793677974011
0.967288769877521
0.9568144197971922
0.9605897644458338
0.9962494717969832
0.9538907590141465
1.0356845237967742
0.9471917535824593
1.0751195757965653
0.9404927481507721
0.4726830986615986
0.6767572636665254
0.4496121475942792
0.7094334203690716
0.4265411965269598
0.7421095770716178
0.40347024545964044
0.774785733774164
0.38039929439232106
0.8074618904767102
0.3573283433250017
0.8401380471792564
0.7635140115512775
0.2870884879860408
0.7505386165762814
0.32492549533655474
0.7375632216012853
0.36276250268706867
0.7245878266262892
0.4005995100375826
0.7116124316512931
0.4384365173880965
0.698637036676297
0.47627352473861045
0.24798100399739337
-0.04529753902971563
0.2759236049061191
-0.016675675804976395
0.30386620581484486
0.01194618741976284
0.3318088067235706
0.04056805064450207
0.35975140763229635
0.06918991386924131
0.3876940085410221
0.09781177709398055
0.2984667071011043
0.02955242421232339
0.33598227514732554
0.043429821452776775
0.3734978431935468
0.05730721869323016
0.41101341123976803
0.07118461593368355
0.4485289792859893
0.08506201317413695
0.48604454733221053
0.09893941041459034
0.6639106822346189
0.5718605927834011
0.6940653515451429
0.5455794984611902
0.724220020855667
0.5192984041389794
0.754374690166191
0.49301730981676867
0.784529359476715
0.4667362154945579
0.814684028787239
0.44045512117234714
0.9900034347953166
0.052734425145774214
0.9624858252023396
0.08176511859750733
0.9349682156093626
0.11079581204924045
0.9074506060163856
0.13982650550097359
0.8799329964234086
0.1688571989527067
0.8524153868304316
0.19788789240443982
0.944044010709538
0.474794631125196
0.9065363089474532
0.4608959869997248
0.8690286071853683
0.4469973428742536
0.8315209054232835
0.4330986987487824
0.7940132036611987
0.41920005462331117
0.7565055018991138
0.40530141049783996
0.16163067884944765
0.9215419883083212
0.195445833085927
0.9429086760245563
0.22926098732240635
0.9642753637407914
0.2630761415588857
0.9856420514570264
0.29689129579536505
1.0070087391732616
0.3307064500318444
1.0283754268894967
0.264069455579147
0.20472155661464891
0.2908680411011899
0.2344172770810352
0.3176666266232328
0.2641129975474215
0.3444652121452757
0.2938087180138078
0.3712637976673186
0.3235044384801941
0.3980623831893615
0.3532001589465804
0.5408654950244487
0.776424703312676
0.5503355316939925
0.815287518515354
0.5598055683635363
0.854150333718032
0.5692756050330802
0.8930131489207099
0.578745641702624
0.9318759641233879
0.5882156783721678
0.9707387793260659
0.2025889761917664
0.9165190656715059
0.23356807097293986
0.9418231302963656
0.2645471657541133
0.9671271949212252
0.29552626053528674
0.9924312595460849
0.3265053553164602
1.0177353241709446
0.35748445009763363
1.0430393887958043
0.7579057511455904
0.9242103905701721
0.786154720973808
0.8958908619080553
0.8144036908020256
0.8675713332459386
0.8426526606302431
0.8392518045838219
0.8709016304584607
0.8109322759217051
0.8991506002866783
0.7826127472595884
0.16261608584738665
0.4480348390549064
0.20235335223844775
0.4434577592253813
0.24209061862950887
0.4388806793958562
0.28182788502057
0.4343035995663311
0.3215651514116311
0.429726519736806
0.36130241780269223
0.4251494399072809
0.4114294607895183
0.43017290610104364
0.3714318074846404
0.43060618442128096
0.33143415417976246
0.4310394627415183
0.29143650087488454
0.4314727410617556
0.2514388475700066
0.4319060193819929
0.2114411942651287
0.43233929770223023
0.915316310973342
0.19767456063608851
0.9258480484854268
0.23626319244620259
0.9363797859975116
0.27485182425631666
0.9469115235095964
0.31344045606643073
0.9574432610216812
0.3520290878765448
0.967974998533766
0.39061771968665887
0.4000868280504105
0.08098020395277715
0.439921314059789
0.07734513526448138
0.4797558000691675
0.0737100665761856
0.5195902860785461
0.07007499788788983
0.5594247720879246
0.06643992919959406
0.5992592580973032
0.06280486051129829
0.6963166084494411
0.7543471944181727
0.7196976228889789
0.786802211962123
0.7430786373285166
0.8192572295060733
0.7664596517680544
0.8517122470500236
0.7898406662075922
0.8841672645939739
0.81322168064713
0.9166222821379242
0.7167121351637371
0.8716106316573474
0.719706351316503
0.8317228557149547
0.7227005674692688
0.7918350797725621
0.7256947836220347
0.7519473038301694
0.7286889997748005
0.7120595278877767
0.7316832159275664
0.672171751945384
0.5122680564090707
0.36498383613044133
0.4779077103738321
0.34450539331027885
0.44354736433859354
0.32402695049011637
0.40918701830335497
0.3035485076699539
0.3748266722681164
0.2830700648497914
0.3404663262328778
0.26259162202962893
0.33441930511713397
0.8597881208577436
0.2948521414993212
0.8539195977691603
0.25528497788150845
0.8480510746805769
0.2157178142636957
0.8421825515919936
0.17615065064588298
0.8363140285034103
0.13658348702807024
0.830445505414827
0.3717438318064437
0.6561643575628888
0.3368405194106552
0.6757030060269458
0.3019372070148667
0.6952416544910027
0.2670338946190782
0.7147803029550597
0.23213058222328972
0.7343189514191166
0.19722726982750122
0.7538575998831736
0.003430379244021703
0.06151237359952476
0.04342324049534283
0.06075669580272415
0.08341610174666396
0.06000101800592354
0.1234089629979851
0.059245340209122935
0.16340182424930622
0.05848966241232233
0.20339468550062734
0.05773398461552172
0.2985193182469131
0.7225994148353226
0.25952351866117374
0.731506019950003
0.2205277190754344
0.7404126250646833
0.18153191948969505
0.7493192301793636
0.1425361199039557
0.758225835294044
0.10354032031821635
0.7671324404087243
0.7173143337077705
0.6111928786234617
0.6801488531846456
0.5964034547846093
0.6429833726615206
0.5816140309457569
0.6058178921383957
0.5668246071069045
0.5686524116152707
0.5520351832680521
0.5314869310921457
0.5372457594291997
0.3152092089456923
0.7104462529019104
0.3098714764706922
0.75008851080967
0.30453374399569205
0.7897307687174295
0.2991960115206919
0.8293730266251891
0.2938582790456918
0.8690152845329486
0.28852054657069165
0.9086575424407082
0.10986386387031495
0.549074571008222
0.0712854133381279
0.5385055996989793
0.032706962805940855
0.5279366283897365
-0.005871487726246197
0.5173676570804938
-0.04444993825843325
0.5067986857712511
-0.0830283887906203
0.4962297144620083
0.5899657093133731
0.9733282812643431
0.6298658595925314
0.9705037445411647
0.6697660098716897
0.9676792078179863
0.7096661601508479
0.9648546710948079
0.7495663104300062
0.9620301343716295
0.7894664607091645
0.9592055976484511
-0.03699317936833426
0.7688537883369633
-0.019867975654870227
0.8050024729295229
-0.002742771941406194
0.8411511575220825
0.014382431772057839
0.8772998421146421
0.03150763548552187
0.9134485267072017
0.04863283919898591
0.9495972112997613
0.5741262963415342
0.043078222016903825
0.5826508424702078
0.0821593186404649
0.5911753885988814
0.12124041526402597
0.599699934727555
0.16032151188758703
0.6082244808562286
0.1994026085111481
0.6167490269849022
0.23848370513470918
0.8084627821087909
0.10214268015699696
0.812180011242192
0.06231577709424559
0.8158972403755931
0.02248887403149423
0.8196144695089942
-0.017338029031257134
0.8233316986423953
-0.0571649320940085
0.8270489277757964
-0.09699183515675985
0.530254138793861
0.04994001569005625
0.5647663541041947
0.07016146455934257
0.5992785694145285
0.09038291342862888
0.6337907847248623
0.11060436229791519
0.668303000035196
0.13082581116720152
0.7028152153455298
0.15104726003648783
0.8656392967014419
0.14636930317396446
0.8293607474367077
0.16321765215083028
0.7930821981719736
0.1800660011276961
0.7568036489072394
0.19691435010456193
0.7205250996425052
0.21376269908142775
0.684246550377771
0.23061104805829358
0.8292260237761008
0.180599251208481
0.818881236653953
0.21923842018760686
0.8085364495318051
0.25787758916673276
0.7981916624096573
0.29651675814585865
0.7878468752875095
0.33515592712498454
0.7775020881653617
0.37379509610411044
0.26457071419533795
0.6761349160259138
0.2371515910261431
0.7052586466357194
0.20973246785694827
0.7343823772455249
0.18231334468775343
0.7635061078553305
0.15489422151855858
0.792629838465136
0.12747509834936374
0.8217535690749416
0.7359799272135561
0.09481348479756316
0.7244017174020361
0.13310114674707924
0.712823507590516
0.1713888086965953
0.701245297778996
0.2096764706461114
0.689667087967476
0.24796413259562747
0.678088878155956
0.28625179454514355
0.042921140183455636
0.26412071419706445
0.08291221284511821
0.264965762935082
0.12290328550678079
0.26581081167309956
0.16289435816844336
0.2666558604111171
0.20288543083010593
0.26750090914913466
0.2428765034917685
0.2683459578871522
0.5226148211215839
0.27277821904171384
0.48678098925314306
0.2905528215302174
0.45094715738470226
0.30832742401872093
0.41511332551626146
0.3261020265072245
0.37927949364782065
0.343876628995728
0.34344566177937985
0.36165123148423156
0.12946159078211997
0.9589059952437448
0.16370349442581775
0.9382301147339401
0.19794539806951553
0.9175542342241355
0.2321873017132133
0.8968783537143309
0.2664292053569111
0.8762024732045263
0.3006711090006089
0.8555265926947216
0.39815037431944955
0.9132792653705258
0.4232257333996779
0.8821147604490994
0.44830109247990624
0.850950255527673
0.4733764515601346
0.8197857506062466
0.4984518106403629
0.7886212456848202
0.5235271697205912
0.7574567407633938
0.3745040191944899
0.6325958945436504
0.36619429870283454
0.5934685569732181
0.3578845782111792
0.5543412194027858
0.34957485771952385
0.5152138818323535
0.3412651372278685
0.4760865442619212
0.33295541673621315
0.4369592066914889
0.582377360695066
0.9953843294603512
0.5692707827623217
0.9575925629642887
0.5561642048295774
0.9198007964682263
0.5430576268968331
0.8820090299721639
0.5299510489640888
0.8442172634761015
0.5168444710313446
0.8064254969800391
0.3675838023529735
0.5234942138341873
0.4075787854474297
0.5241277177995753
0.4475737685418859
0.5247612217649634
0.4875687516363421
0.5253947257303515
0.5275637347307983
0.5260282296957396
0.5675587178252546
0.5266617336611277
0.11956514875691647
1.0196836393544653
0.11643147500222115
0.9798065771657942
0.11329780124752582
0.9399295149771232
0.1101641274928305
0.9000524527884521
0.10703045373813518
0.8601753905997811
0.10389677998343985
0.8202983284111101
0.6802582394145225
0.43193918930035047
0.7023457989624774
0.39859043050462395
0.7244333585104323
0.36524167170889743
0.7465209180583873
0.3318929129131709
0.7686084776063422
0.2985441541174444
0.7906960371542971
0.2651953953217179
0.20249352989050018
0.3969123324145646
0.17965688134924296
0.42975266559501657
0.15682023280798574
0.46259299877546856
0.13398358426672852
0.49543333195592054
0.1111469357254713
0.5282736651363725
0.08831028718421408
0.5611139983168245
0.32279088344650236
0.9777799542063413
0.28438085804169044
0.9666143844312828
0.24597083263687852
0.9554488146562242
0.2075608072320666
0.9442832448811657
0.16915078182725468
0.9331176751061071
0.13074075642244276
0.9219521053310485
1.0420929523547966
0.7256747936783567
1.0021202633626556
0.7241969118368108
0.9621475743705146
0.7227190299952648
0.9221748853783736
0.7212411481537189
0.8822021963862325
0.7197632663121729
0.8422295073940915
0.718285384470627
0.43934693373748807
0.6252290599863812
0.44978179010532915
0.6638440023349401
0.46021664647317023
0.702458944683499
0.4706515028410113
0.7410738870320579
0.4810863592088524
0.7796888293806168
0.4915212155766935
0.8183037717291757
1.0144794393904148
1.0449295774770635
0.9992010871970227
1.0079624034674821
0.9839227350036306
0.9709952294579007
0.9686443828102385
0.9340280554483193
0.9533660306168463
0.897060881438738
0.9380876784234542
0.8600937074291566
0.4830068396777837
0.9335718622799143
0.4646759015826563
0.8980194121737316
0.44634496348752895
0.8624669620675489
0.4280140253924016
0.8269145119613662
0.4096830872972742
0.7913620618551835
0.39135214920214684
0.7558096117490009
0.13845818697138193
0.3998216916007959
0.17690356471866492
0.4108649216476943
0.21534894246594788
0.42190815169459267
0.25379432021323084
0.43295138174149106
0.2922396979605138
0.44399461178838945
0.33068507570779676
0.45503784183528784
0.8616020515682249
0.2131489675518433
0.8438870395974509
0.2490122963275626
0.826172027626677
0.2848756251032819
0.808457015655903
0.3207389538790012
0.790742003685129
0.3566022826547205
0.7730269917143551
0.3924656114304398
0.49692196683183987
0.015250827780805803
0.4809179499727824
0.05190967997744455
0.464913933113725
0.0885685321740833
0.44890991625466753
0.12522738437072203
0.4329058993956101
0.1618862365673608
0.41690188253655264
0.19854508876399954
0.7107441119057648
0.1193522204188345
0.7161143584552168
0.15899008680942242
0.7214846050046687
0.19862795320001034
0.7268548515541207
0.23826581959059825
0.7322250981035726
0.2779036859811862
0.7375953446530246
0.3175415523717741
0.3927629931063482
0.2972478995453216
0.3674411737276505
0.32821248356243077
0.3421193543489528
0.35917706757953993
0.3167975349702551
0.3901416515966491
0.2914757155915574
0.42110623561375826
0.2661538962128597
0.4520708196308674
0.37466839752304126
0.4002272439038939
0.3562992949485424
0.3646944974492847
0.33793019237404354
0.3291617509946756
0.3195610897995447
0.29362900454006646
0.3011919872250458
0.25809625808545733
0.28282288465054695
0.22256351163084817
0.8650438828435736
0.5520767709762977
0.8810961839240325
0.5887145060321427
0.8971484850044915
0.6253522410879877
0.9132007860849505
0.6619899761438327
0.9292530871654094
0.6986277111996777
0.9453053882458684
0.7352654462555227
0.5597201318139904
0.4955495000128386
0.5235268572897811
0.5125802627442967
0.4873335827655718
0.5296110254757548
0.45114030824136253
0.5466417882072129
0.41494703371715325
0.563672550938671
0.37875375919294396
0.5807033136701291
0.8427115466517479
0.7872002305445375
0.8778709993253817
0.7681263508214581
0.9130304519990156
0.7490524710983787
0.9481899046726494
0.7299785913752993
0.9833493573462833
0.7109047116522199
1.018508810019917
0.6918308319291405
0.8172906123457979
0.11748347466359894
0.8469136490439361
0.14436238269165624
0.8765366857420742
0.17124129071971353
0.9061597224402124
0.19812019874777081
0.9357827591383505
0.2249991067758281
0.9654057958364887
0.2518780148038854
0.45048376703224396
-0.07096746231273546
0.4587364009498185
-0.031828044414375
0.466989034867393
0.007311373483985459
0.47524166878496754
0.04645079138234592
0.48349430270254207
0.08559020928070638
0.4917469366201166
0.12472962717906683
0.7970879692842843
0.19966129705425228
0.8196475334748403
0.16663000789484794
0.8422070976653964
0.1335987187354436
0.8647666618559524
0.10056742957603927
0.8873262260465085
0.06753614041663494
0.9098857902370645
0.034504851257230615
0.7754111232709213
0.543507580434028
0.8070096145998737
0.518981362916153
0.8386081059288262
0.4944551453982781
0.8702065972577786
0.4699289278804032
0.901805088586731
0.44540271036252826
0.9334035799156835
0.42087649284465334
0.3808000903581958
0.7973919111318053
0.3794425833955605
0.7574149530828692
0.37808507643292516
0.7174379950339331
0.37672756947028985
0.677461036984997
0.37537006250765453
0.637484078936061
0.3740125555450192
0.5975071208871249
0.3582202279551816
0.72398292303281
0.36193755725652416
0.6841560293193231
0.3656548865578667
0.6443291356058362
0.36937221585920926
0.6045022418923492
0.3730895451605518
0.5646753481788623
0.37680687446189437
0.5248484544653754
0.5579830438188234
0.7504725817125854
0.5682455701831632
0.7891336804116812
0.5785080965475031
0.827794779110777
0.588770622911843
0.8664558778098729
0.5990331492761829
0.9051169765089687
0.6092956756405228
0.9437780752080646
0.9743499489908981
0.43595800570433396
0.9370314752129032
0.4503570166037364
0.8997130014349083
0.4647560275031388
0.8623945276569134
0.47915503840254126
0.8250760538789185
0.4935540493019437
0.7877575801009236
0.5079530602013461
0.7693293077018443
0.44805186328002716
0.7293549558684022
0.4466196637491715
0.68938060403496
0.44518746421831584
0.6494062522015179
0.4437552646874602
0.6094319003680758
0.4423230651566045
0.5694575485346337
0.44089086562574886
0.8177023024121183
0.06428454756869785
0.8408105886396019
0.09693431185006277
0.8639188748670855
0.1295840761314277
0.8870271610945691
0.16223384041279262
0.9101354473220528
0.19488360469415755
0.9332437335495364
0.22753336897552248
0.2935862161295504
0.9456148977634096
0.303067651735077
0.9067548620086878
0.3125490873406036
0.8678948262539661
0.3220305229461302
0.8290347904992443
0.3315119585516568
0.7901747547445226
0.34099339415718344
0.7513147189898008
0.7586287378898389
0.3669916262340354
0.7747856869323705
0.33039991955564946
0.7909426359749021
0.2938082128772635
0.8070995850174337
0.25721650619887754
0.8232565340599654
0.22062479952049158
0.839413483102497
0.18403309284210562
0.4979286857941082
0.6733174982900872
0.49529679901220536
0.7132308190234871
0.4926649122303025
0.7531441397568869
0.49003302544839966
0.7930574604902867
0.4874011386664968
0.8329707812236865
0.48476925188459397
0.8728841019570863
0.6237762321110782
0.961369883230589
0.5943601596346949
0.9342646313397808
0.5649440871583116
0.9071593794489725
0.5355280146819282
0.8800541275581643
0.5061119422055449
0.852948875667356
0.47669586972916156
0.8258436237765477
0.9272869077685743
0.36595768951252045
0.9117712811804514
0.4028259052488147
0.8962556545923285
0.4396941209851089
0.8807400280042056
0.47656233672140313
0.8652244014160827
0.5134305524576973
0.8497087748279598
0.5502987681939915
0.4325883652129977
0.9809004482546624
0.4198533503603181
0.9429818591893764
0.40711833550763854
0.9050632701240904
0.39438332065495896
0.8671446810588044
0.3816483058022794
0.8292260919935184
0.3689132909495998
0.7913075029282324
0.32594197437332
0.5094700664786954
0.32098705329581884
0.469778143407172
0.31603213221831766
0.4300862203356486
0.3110772111408165
0.39039429726412517
0.3061222900633153
0.35070237419260175
0.30116736898581414
0.31101045112107834
-0.09474476909281075
0.2365757386992899
-0.056666732731404566
0.22432571229689272
-0.01858869636999838
0.21207568589449552
0.019489339991407804
0.19982565949209832
0.05756737635281399
0.18757563308970113
0.09564541271422017
0.17532560668730393
0.14997761643128088
0.17172497753917712
0.12759321252489914
0.2048752182887699
0.10520880861851739
0.23802545903836267
0.08282440471213565
0.27117569978795547
0.060440000805753895
0.30432594053754825
0.03805559689937214
0.337476181287141
0.652640859610409
0.7901037332449237
0.6611269162672001
0.7510142609740202
0.6696129729239912
0.7119247887031168
0.6780990295807824
0.6728353164322134
0.6865850862375735
0.63374584416131
0.6950711428943647
0.5946563718904065
0.665397355454916
0.10521187769978889
0.7053966539205285
0.10544877906923157
0.7453959523861411
0.10568568043867425
0.7853952508517537
0.10592258180811694
0.8253945493173662
0.10615948317755962
0.8653938477829788
0.1063963845470023
0.5781180130538883
0.9777815122468704
0.5582445647659819
0.9430677389983756
0.5383711164780756
0.9083539657498808
0.5184976681901692
0.873640192501386
0.49862421990226286
0.8389264192528912
0.47875077161435653
0.8042126460043965
0.6766502751069863
0.21607168949556627
0.6390830960811282
0.2023346206656036
0.6015159170552702
0.18859755183564092
0.5639487380294121
0.17486048300567825
0.5263815590035541
0.16112341417571557
0.48881437997769606
0.1473863453457529
0.7763938734011123
0.8869535577141965
0.7990388765163813
0.8539807835829611
0.8216838796316502
0.8210080094517258
0.8443288827469192
0.7880352353204905
0.8669738858621882
0.7550624611892551
0.8896188889774571
0.7220896870580198
0.8708860066709508
0.3923566108915645
0.8339874833990223
0.37691319869247636
0.7970889601270937
0.36146978649338823
0.7601904368551652
0.3460263742943001
0.7232919135832366
0.330582962095212
0.6863933903113081
0.31513954989612386
0.40177104620544996
0.07168095513732013
0.37814111162708136
0.10395518931602717
0.35451117704871277
0.13622942349473421
0.3308812424703442
0.16850365767344125
0.3072513078919756
0.20077789185214828
0.283621373313607
0.23305212603085532
0.15887705056879842
0.3064581795255674
0.13600513616213988
0.27364239778302035
0.11313322175548136
0.24082661604047326
0.09026130734882284
0.20801083429792616
0.06738939294216433
0.17519505255537907
0.044517478535505806
0.14237927081283197
0.35822859715431243
0.07341597968358858
0.3233847362262143
0.05377150576283022
0.2885408752981161
0.03412703184207186
0.25369701437001796
0.014482557921313498
0.2188531534419198
-0.005161915999444863
0.18400929251382164
-0.024806389920203224
0.3660160204830665
0.75910614833142
0.3327080478445198
0.7369571312265951
0.2994000752059731
0.7148081141217703
0.26609210256742644
0.6926590970169454
0.23278412992887973
0.6705100799121205
0.19947615729033302
0.6483610628072957
0.2906453819622836
0.4898424752074862
0.31150394424345607
0.45571154525293545
0.3323625065246285
0.4215806152983847
0.35322106880580095
0.38744968534383395
0.3740796310869734
0.3533187553892832
0.39493819336814584
0.31918782543473245
0.7656227054628706
0.6551244662424814
0.7634510289522468
0.6151834619845361
0.761279352441623
0.5752424577265908
0.7591076759309993
0.5353014534686454
0.7569359994203755
0.4953604492107001
0.7547643229097517
0.45541944495275477
0.5678068828210305
0.875569538017271
0.5341051908345295
0.8540243307254622
0.5004034988480284
0.8324791234336535
0.4667018068615273
0.8109339161418447
0.4330001148750262
0.789388708850036
0.39929842288852513
0.7678435015582272
0.15061761453569145
-0.08139339732890015
0.13406344361447978
-0.04497967154985757
0.11750927269326811
-0.008565945770814987
0.10095510177205644
0.027847780008227595
0.08440093085084477
0.06426150578727018
0.0678467599296331
0.10067523156631275
0.1853106141149819
0.7635591695913216
0.21526147296804904
0.7370460397503608
0.24521233182111618
0.7105329099093999
0.2751631906741833
0.684019780068439
0.30511404952725046
0.6575066502274781
0.3350649083803176
0.6309935203865172
0.9143593040060902
1.0135599548952559
0.9324145708051942
0.9778667154679753
0.9504698376042982
0.9421734760406948
0.9685251044034021
0.9064802366134143
0.9865803712025061
0.8707869971861337
1.00463563800161
0.8350937577588532
0.756779950990716
0.32873902820884426
0.722821784056516
0.30760036934719925
0.6888636171223159
0.28646171048555424
0.6549054501881159
0.26532305162390923
0.6209472832539158
0.24418439276226422
0.5869891163197157
0.22304573390061921
0.3731342958524655
0.28603426778407115
0.40825216275683107
0.2668839303435125
0.44337002966119665
0.24773359290295383
0.47848789656556223
0.22858325546239516
0.5136057634699278
0.2094329180218365
0.5487236303742934
0.19028258058127784
0.1914617641578681
0.5530025918576732
0.15238901198229796
0.5615653038945503
0.11331625980672783
0.5701280159314274
0.0742435076311577
0.5786907279683045
0.03517075545558756
0.5872534400051815
-0.0039019967199825784
0.5958161520420586
0.9304189462043632
0.13642991043763386
0.923777314304269
0.0969851550739147
0.9171356824041749
0.057540399710195526
0.9104940505040807
0.018095644346476356
0.9038524186039866
-0.021349111017242815
0.8972107867038924
-0.060793866380961986
0.2557360851159026
0.6650567645106665
0.29393156406799636
0.6531779856331824
0.3321270430200901
0.6412992067556983
0.37032252197218385
0.6294204278782142
0.4085180009242776
0.61754164900073
0.44671347987637133
0.6056628701232459
0.33706729389024076
0.18104663100563467
0.3765293628625084
0.17450865636298024
0.415991431834776
0.1679706817203258
0.4554535008070436
0.16143270707767138
0.4949155697793112
0.15489473243501695
0.5343776387515788
0.14835675779236251
0.49034936171890964
0.12849539225315768
0.5170427945077093
0.15828566996166246
0.543736227296509
0.18807594767016725
0.5704296600853086
0.21786622537867203
0.5971230928741083
0.24765650308717682
0.6238165256629079
0.27744678079568164
0.8563068293130154
0.8774429427815742
0.8328409548992765
0.9098366572644586
0.8093750804855375
0.942230371747343
0.7859092060717986
0.9746240862302274
0.7624433316580597
1.0070178007131119
0.7389774572443207
1.0394115151959962
0.34889828730908906
0.8770184865962204
0.3860331718784373
0.8621524061436875
0.4231680564477855
0.8472863256911546
0.4603029410171337
0.8324202452386217
0.4974378255864819
0.8175541647860888
0.5345727101558302
0.8026880843335559
0.20167065569077508
0.499822070193901
0.16416854172412257
0.48590835580728925
0.12666642775747006
0.4719946414206775
0.08916431379081755
0.4580809270340657
0.051662199824165034
0.44416721264745396
0.014160085857512522
0.4302534982608422
0.42814565827844625
0.9162271382325247
0.4034311212435242
0.9476785556751371
0.37871658420860216
0.9791299731177496
0.3540020471736801
1.010581390560362
0.32928751013875807
1.0420328080029744
0.304572973103836
1.0734842254455867
0.8325711163134627
0.6985502130171977
0.8616368606102537
0.7260307972263
0.8907026049070447
0.7535113814354024
0.9197683492038357
0.7809919656445048
0.9488340935006266
0.8084725498536072
0.9778998377974176
0.8359531340627095
0.3607881548392746
0.40215179391299416
0.37121323578391896
0.44076937653150633
0.3816383167285633
0.4793869591500185
0.39206339767320764
0.5180045417685307
0.402488478617852
0.556622124387043
0.4129135595624963
0.5952397070055552
0.3797378650583915
0.14251026226542388
0.3523838028625599
0.17169510904224583
0.32502974066672824
0.20087995581906778
0.2976756784708966
0.23006480259588974
0.27032161627506496
0.25924964937271167
0.24296755407923332
0.28843449614953365
1.0460107740590292
0.8881160237200015
1.020998370775426
0.8569009683463779
0.9959859674918228
0.8256859129727542
0.9709735642082196
0.7944708575991305
0.9459611609246164
0.7632558022255068
0.9209487576410131
0.7320407468518831
0.9397622024771535
0.27931736518684575
0.8998316957015138
0.28167419115424114
0.8599011889258741
0.28403101712163653
0.8199706821502344
0.2863878430890319
0.7800401753745947
0.2887446690564273
0.740109668598955
0.2911014950238227
-0.04399398480570345
0.08082008686029421
-0.023260785685471717
0.11502731495964219
-0.002527586565239985
0.14923454305899017
0.018205612554991746
0.18344177115833815
0.03893881167522348
0.21764899925768613
0.05967201079545521
0.2518562273570341
0.19248692437796322
0.7683753505768561
0.1988337552907943
0.8078686125004291
0.2051805862036254
0.8473618744240019
0.21152741711645648
0.8868551363475747
0.21787424802928756
0.9263483982711476
0.22422107894211865
0.9658416601947204
0.29516525889993167
0.15455984794148098
0.2949381382948975
0.19455920313916847
0.29471101768986335
0.23455855833685596
0.2944838970848292
0.27455791353454345
0.29425677647979503
0.31455726873223094
0.2940296558747609
0.35455662392991844
0.8555790244763851
0.9110257364737937
0.8193352482307741
0.8941027141829002
0.783091471985163
0.8771796918920067
0.746847695739552
0.8602566696011132
0.710603919493941
0.8433336473102198
0.6743601432483299
0.8264106250193263
0.5965992607321364
0.4593361289767941
0.6225635407884212
0.42890824437797903
0.6485278208447061
0.39848035977916396
0.6744921009009909
0.3680524751803489
0.7004563809572757
0.3376245905815338
0.7264206610135605
0.30719670598271875
0.7199678788068207
0.012891067882526065
0.6808614811617255
0.021298782389078962
0.6417550835166304
0.02970649689563186
0.6026486858715352
0.03811421140218475
0.56354228822644
0.046521925908737646
0.5244358905813449
0.05492964041529054
0.7101835019813095
0.5100411131688282
0.7463926822765081
0.49304419396710797
0.7826018625717067
0.4760472747653878
0.8188110428669053
0.4590503555636676
0.8550202231621039
0.4420534363619474
0.8912294034573025
0.4250565171602272
0.2779952784699995
0.6845364286296354
0.25038417638249616
0.6555946415128475
0.22277307429499282
0.6266528543960597
0.1951619722074895
0.5977110672792718
0.16755087011998615
0.568769280162484
0.13993976803248281
0.5398274930456961
0.10402288718061801
0.5135444928946405
0.06402410426478432
0.5132324588387898
0.02402532134895062
0.512920424782939
-0.015973461566883077
0.5126083907270882
-0.055972244482716774
0.5122963566712374
-0.09597102739855047
0.5119843226153866
0.7161335194765904
0.7201140073552742
0.6974574349743304
0.7554863675771261
0.6787813504720704
0.7908587277989779
0.6601052659698105
0.8262310880208298
0.6414291814675505
0.8616034482426816
0.6227530969652905
0.8969758084645335
0.7169962853146347
0.7929885199978376
0.6775676771026454
0.7997253482178127
0.6381390688906562
0.8064621764377878
0.598710460678667
0.813199004657763
0.5592818524666777
0.8199358328777381
0.5198532442546885
0.8266726610977132
0.4375165781168025
0.7775287454602704
0.454601544824049
0.7413610262536038
0.47168651153129554
0.7051933070469372
0.48877147823854206
0.6690255878402706
0.5058564449457885
0.6328578686336039
0.522941411653035
0.5966901494269373
0.39551685128089237
0.5262770485614444
0.3906333196578182
0.565977818313257
0.3857497880347441
0.6056785880650696
0.38086625641166993
0.6453793578168822
0.3759827247885958
0.6850801275686947
0.37109919316552165
0.7247808973205073
0.7856615487164962
-0.04129402360634048
0.8107114949801173
-0.010109088265864017
0.8357614412437384
0.021075847074612443
0.8608113875073595
0.0522607824150889
0.8858613337709806
0.08344571775556536
0.9109112800346018
0.11463065309604183
0.48807503469938684
0.1458266606809211
0.45494137131946494
0.16823559530588755
0.42180770793954303
0.190644529930854
0.3886740445596211
0.21305346455582047
0.3555403811796992
0.23546239918078693
0.3224067177997773
0.2578713338057534
0.8110053856130929
0.33612695956815336
0.8010193080111002
0.2973935340273239
0.7910332304091076
0.2586601084864944
0.7810471528071149
0.21992668294566492
0.7710610752051222
0.18119325740483544
0.7610749976031296
0.14245983186400596
0.9755316562126135
0.7500358627404166
0.982755067491584
0.7106934895342303
0.9899784787705546
0.671351116328044
0.9972018900495251
0.6320087431218577
1.0044253013284956
0.5926663699156715
1.0116487126074662
0.5533239967094852
0.565994033412118
0.4420969200909913
0.5551654596863829
0.48060330905524395
0.5443368859606478
0.5191096980194966
0.5335083122349127
0.5576160869837492
0.5226797385091776
0.5961224759480018
0.5118511647834425
0.6346288649122545
0.3185675233975968
1.0469471935515822
0.3523822886349827
1.0255798902135267
0.38619705387236863
1.0042125868754712
0.42001181910975455
0.9828452835374157
0.45382658434714046
0.9614779801993603
0.4876413495845264
0.9401106768613048
1.0442661024068918
0.6889711377618012
1.0068784940079014
0.703189672784923
0.969490885608911
0.7174082078080447
0.9321032772099205
0.7316267428311665
0.89471566881093
0.7458452778542882
0.8573280604119395
0.76006381287741
0.6622213666081497
0.2601013303538583
0.6821085515404861
0.2948072358378973
0.7019957364728225
0.3295131413219363
0.721882921405159
0.36421904680597533
0.7417701063374954
0.39892495229001435
0.7616572912698318
0.43363085777405336
0.09006285914321821
0.6338684210300018
0.12378933331578232
0.6553748140303951
0.15751580748834643
0.6768812070307884
0.19124228166091053
0.6983876000311816
0.22496875583347464
0.7198939930315749
0.2586952300060388
0.7414003860319681
0.06339804428143833
0.8263511996594413
0.09628237040497799
0.8491244536078933
0.12916669652851764
0.8718977075563454
0.16205102265205729
0.8946709615047975
0.19493534877559693
0.9174442154532496
0.22781967489913657
0.9402174694017017
0.8492360143073525
0.1740040293917855
0.8692098140410773
0.20866015906890115
0.8891836137748022
0.2433162887460168
0.909157413508527
0.2779724184231324
0.9291312132422518
0.31262854810024804
0.9491050129759766
0.34728467777736366
0.35874003681083727
0.9069125452042059
0.38638259659966306
0.8780008021173357
0.41402515638848886
0.8490890590304654
0.44166771617731465
0.8201773159435951
0.46931027596614044
0.7912655728567248
0.49695283575496624
0.7623538297698546
0.22831121334675172
0.09568509218119339
0.25693908204638144
0.06774864405841369
0.28556695074601113
0.03981219593563399
0.31419481944564087
0.01187574781285429
0.3428226881452706
-0.01606070030992541
0.37145055684490036
-0.04399714843270511
0.3601461190068902
0.8694876505188962
0.3406727042902311
0.8345479006732976
0.321199289573572
0.7996081508276991
0.30172587485691293
0.7646684009821005
0.28225246014025385
0.729728651136502
0.26277904542359476
0.6947889012909034
0.30560822577831503
0.793201168541722
0.33810556166905087
0.7698790082643229
0.3706028975597867
0.7465568479869238
0.40310023345052254
0.7232346877095247
0.4355975693412584
0.6999125274321256
0.4680949052319942
0.6765903671547265
0.2636174804748189
0.22235085052044742
0.2266711863392337
0.2070220753036592
0.18972489220364847
0.191693300086871
0.15277859806806324
0.17636452487008278
0.11583230393247801
0.16103574965329456
0.07888600979689278
0.14570697443650635
0.57558165758849
0.7010950362166901
0.5601590277055424
0.738002250789096
0.5447363978225948
0.7749094653615018
0.5293137679396471
0.8118166799339077
0.5138911380566995
0.8487238945063136
0.4984685081737519
0.8856311090787194
0.12796239734025056
0.9638058245681776
0.30856007296950744
0.1354323267016815
0.8962746042102537
0.9807822194793103
0.2598689234987771
0.09795422063442809
0.5080842560829583
0.4758821872687894
0.5136128132755519
0.9269280821623453
0.21476865563338954
0.14753064934808324
0.5604995596126999
0.6977375723684897
0.49530566182234426
0.6955103218574933
0.36813264485031977
0.8462415557187489
0.5098497079796269
0.758037923655722
0.9053324480059027
0.3160834171752698
0.6589249784719003
0.01564299306366925
0.1678130147066562
0.7946816740061693
0.42379572748091937
0.01066535274854165
0.16490772241655421
0.8601649205083779
0.28326204894571916
0.31820066192492286
0.012982988828912351
0.38008819990377035
0.6194291484719371
0.5459338179516869
0.7765133353746367
0.08057011106883026
0.8689247770645809
0.45120303107015236
0.8315057335399619
0.35649176180779396
0.21215408644019793
0.5184471315893628
0.19087128717970345
0.3308087347610111
0.49927381361099565
0.643420361097238
0.5938687568673112
0.7677913129838542
0.5612424614198296
0.5315373884640722
0.7960004880266773
0.1969872017301322
0.9474779694743811
0.3405404097820959
0.9952364935239268
0.3342754991196572
