-0.04510145768697631
0.377037866178843
-0.04716549949485724
0.416992980945575
-0.04861757325743605
0.45699660767478817
-0.052156911582869066
0.49678823313831594
-0.05744530094142707
0.5363831119237764
-0.06285589330044623
0.5760602389564091
0.790285104649126
0.729181295065784
0.7832216023041159
0.6898103106162128
0.7762126382378742
0.6504307014879872
0.7695175019217799
0.6109941642879938
0.7633055398203321
0.5714611358074888
0.7570945274051083
0.5319461219465677
-0.17211499667694072
0.1463126899917958
-0.13923273623485036
0.12353738382045905
-0.10632086662846514
0.10080151528149359
-0.07337976106152502
0.07810819219433941
-0.04042591745845043
0.05543427477242423
-0.007468944605680087
0.032765810736314155
0.9193518099105519
-0.2593129649933364
0.9543958773933788
-0.2785976212650622
0.9894221160419914
-0.2978892056511701
1.0237417077047337
-0.31839922664502507
1.0568436220797393
-0.3406712724302288
1.08974262040007
-0.36328473606312345
0.6358411276395297
0.25745197671251524
0.6097594435500833
0.28776665890607145
0.5831602532356621
0.3173790464137729
0.5561804646839607
0.3466317693906271
0.529087181754071
0.37605632952401935
0.5019989232292603
0.4054879965644754
0.6678357692596719
0.6842195319150214
0.6532293921449164
0.7216790473542343
0.6575263143222759
0.7617598219604816
0.6639395657452568
0.8014994526068123
0.6703017368105589
0.8410915666649451
0.676548145849815
0.8805943792316775
0.00392685871293021
0.2598181407626888
-0.014363672659057837
0.2952349478056691
-0.02828308010493962
0.3331693425564562
-0.03876189919534266
0.372969995152693
-0.047125862175393475
0.4131678800752257
-0.05120890269383421
0.4535392106673139
0.5960026385058153
0.7705546609755693
0.6241961321775551
0.7421719514817272
0.6510749559100071
0.7126641153513543
0.677617797966122
0.6823530271297433
0.7097009743767035
0.6580779669258486
0.7424802206686312
0.6350037203871652
0.7023459780656064
0.3922589266334574
0.6774448274892175
0.36100883248364435
0.6497161718880659
0.33245978427723166
0.6296865607575505
0.29794594088342813
0.5904388637749135
0.29205427394155664
0.5540404332261122
0.30843910438103517
0.7890878036312365
0.9160381141344757
0.7769707674023985
0.9541170537074224
0.7686414630979845
0.9931482359262037
0.7647699382090929
1.0328755320906988
0.7634676264106824
1.0727741656997534
0.7622042245623833
1.1127511141509456
0.686205087324453
0.37841794239896476
0.6751351733412981
0.3398903984175318
0.6694383450314858
0.3000664468854618
0.6674260016223753
0.2598792728171995
0.6654962267268774
0.21967638356951222
0.6610389133676857
0.17969250012316573
0.9340260251159187
0.4636961542479111
0.8941704013791986
0.46675253382710263
0.8540366727785516
0.466033907729702
0.8139291361983187
0.46453068132183895
0.7739313794419805
0.4614880590944786
0.7339298092228899
0.4590150203596807
0.7437079424231514
0.4433985963339525
0.719500041572665
0.41152000968934244
0.6966594725022814
0.37862121300885104
0.6752441068247435
0.34463999346293595
0.651130928611194
0.31274125242229805
0.6215288349746485
0.28582290426132895
0.013073955902519412
0.5017982693246316
0.02590521670182712
0.5394825461222594
0.03954957303191837
0.576747417798412
0.06325361300501342
0.6086876514583628
0.09393653281799669
0.6346717715756237
0.12437491474369054
0.6608015222248348
0.7018994427649464
-0.09843783567806291
0.70167294552819
-0.05844042099740673
0.7009931805974944
-0.018494635114916745
0.701177649129054
0.021451043662277347
0.701375901097556
0.061450038103918775
0.7015783500172973
0.101449507918524
0.6609340666114198
0.24028027029334287
0.679284257190518
0.20480888707164105
0.6825544699353389
0.16497507957641538
0.6813027939253995
0.12495043066756756
0.680263542897748
0.0849791478381644
0.6791771471103103
0.04499131374057864
0.22131666025072974
0.4938582461308743
0.23330690832490916
0.5319998898607526
0.242641235046058
0.5710987347961327
0.2540515506611707
0.6094433084273381
0.26553441754767154
0.6477600467452679
0.2770418331269735
0.6860691857938144
0.5197049529459813
0.13091115772624617
0.5545723694041831
0.1112935934919763
0.5899919293626775
0.092692992972688
0.626460387284613
0.07625121735487544
0.6641933146853354
0.0632954577995231
0.7009229354728791
0.04773372516485648
0.6987227053519424
0.3821914783941668
0.7239611949490018
0.3511794723466567
0.74888832987635
0.3199071562398057
0.7735839187086296
0.2884380439372413
0.7983184828845552
0.25700222331795297
0.8230652452087532
0.22557609855255092
-0.04313220301211314
0.4181184264359008
-0.03368326892033704
0.37949377418165015
-0.024829907083783864
0.34112152906784987
-0.018940696990829897
0.30217161687767785
-0.011129830017423563
0.26278195351920913
-0.002846589776223019
0.2235658925161826
0.7831032036775276
0.38013970346178205
0.7766583257524925
0.41961710171411715
0.7702083917085181
0.4591016074528573
0.7625410585523459
0.4983414156282949
0.7519189313212087
0.5368878862696566
0.7408652085273812
0.5753273556308882
0.6917115918634417
0.5165850035204967
0.6872109723393083
0.47688640117967107
0.682595383184001
0.4372031630972581
0.677760253887089
0.39755724165898954
0.6748865035681085
0.3577162990722073
0.675922610694873
0.317638963108426
0.754369180772437
0.9366012547344132
0.7492349098156988
0.896932153961442
0.7440973491437132
0.8572579959544779
0.7398126727948919
0.8175184713869509
0.7404296845760703
0.777566207883071
0.7439698574160332
0.73776569911212
0.45273627031175556
0.3312599224944992
0.419746416750315
0.30863980839233945
0.38675656318887464
0.2860196942901801
0.35376670962743406
0.2633995801880207
0.3207768560659935
0.24077946608586137
0.287787002504553
0.21815935198370184
0.687429167224294
0.14591978950646275
0.6929714676877539
0.10630630455357294
0.6984554121820212
0.06671588898371696
0.7010181009549102
0.026884925791265817
0.7021068293288795
-0.012987505077039985
0.7042877453942451
-0.05281211910507531
0.7053894068046185
0.5155630006637869
0.696515976294396
0.5545669093251501
0.6876337914312755
0.593622895341227
0.6805636767100096
0.6331333599370271
0.6812688264033425
0.6732776196126142
0.6987508680785727
0.7095653591884119
0.6665572861583794
0.15395356678882965
0.6722569378387052
0.11428934787384527
0.6781528735113447
0.07370374267191233
0.6852883946193781
0.03343071384883404
0.6937383806753568
-0.0065167223254097946
0.7040158714813722
-0.04570382323622863
0.6192306730458594
0.7439739254362548
0.659196516089022
0.7463209966114437
0.6993103852882364
0.7487611640174924
0.7393634915425182
0.7451483993661818
0.7785467777417953
0.7370439668590384
0.8177155279108654
0.7289315914896435
0.5353023393417227
0.3014760930134856
0.5087794197105696
0.271533854560532
0.4822581756924344
0.24159004495762648
0.45574275570088824
0.2116411680980789
0.42923725021561226
0.1816850489658519
0.4027284478939851
0.15173039141094272
0.7345965655469043
0.45130917578060886
0.7103178162047679
0.48291184159259876
0.689993065625341
0.5174412734799982
0.6697070845080534
0.5519164407332594
0.649426790181821
0.5863942149849387
0.629148781218133
0.6208732621720786
-0.008413200832885177
0.2498032841820023
0.009648169061759294
0.21402999431055375
0.029202503617375645
0.17909442204013165
0.05024300164080029
0.1450638916953934
0.07210834646909334
0.11155731987725451
0.09421367387683414
0.0782150486607649
-0.019159882972139018
0.6931020620354551
0.01407875213142108
0.6706970902349074
0.04576754342727225
0.6463779498250088
0.07510607391738391
0.619094330153509
0.1099717027528874
0.5991962308704248
0.14580140618248386
0.581292219454582
0.9616766358560889
0.6348440807081709
0.9588370821002832
0.5949119842149257
0.9505031353035864
0.555660125908562
0.9407852714387573
0.5167073894694235
0.9338236565658641
0.4771213475702607
0.9255950118701447
0.4377399606949349
0.13358665400426978
0.6149360153873116
0.09465806773062557
0.6057331388779841
0.05583182906570472
0.5963794627600645
0.016721390626726028
0.5889738503856949
-0.022076119751546778
0.5983738645084706
-0.059353534145316245
0.6129644856981444
0.6959234566469948
0.3754108697169243
0.7190474568682949
0.4079831655140498
0.7418699956895599
0.4407495828698293
0.7640361633148862
0.47399437536438344
0.7864645592971196
0.5071106250403904
0.8093497181327016
0.5399201692725467
0.6034720293611412
0.04675856744422305
0.6336623110699161
0.07299806763588712
0.663818887229059
0.09921222289665314
0.6797082149747643
0.13626550929352882
0.6915498679659857
0.17476704259139722
0.7074872761857683
0.2115048932142555
-0.059068161380763345
0.7289822954610106
-0.024225635160511398
0.7093158436053824
0.010827692982841227
0.6900008081428874
0.04642656713793571
0.6718871484819938
0.0845111306464684
0.6605597175952408
0.1240869767337516
0.6577829031294282
-0.06737441205739991
0.526772796641891
-0.05866045976992299
0.4874446219030583
-0.05033393785722566
0.4476262138243196
-0.040776610628336145
0.4084665900413413
-0.031017228729169632
0.36956203793489123
-0.02212989725554656
0.3305866466976928
-0.25524480643716035
1.0576029733798988
-0.2438402840831666
1.0191835856022888
-0.23211640944740153
0.9808279386689732
-0.21957262059971794
0.942766503422952
-0.20649459615272361
0.9049554792407395
-0.19342524517015586
0.8671507577466058
0.6797427895770767
0.4333306682203121
0.704123211435267
0.4650423803472265
0.7266722220346502
0.4980742035346157
0.7455791124402835
0.5333423993088844
0.7618400274896339
0.5698877918101146
0.7770552519731928
0.6068579682561072
0.9648604131508441
0.6054272447497908
0.9381779662568898
0.5759704333403958
0.9195946288259534
0.5405830118851231
0.9020952390271599
0.5047664263421863
0.9024411936271878
0.46514437340049863
0.9282625200035466
0.4347747452238991
-0.02656614481136076
0.14791118286304
0.002136474719777602
0.17577058659583475
0.030850999651164248
0.20361778204812683
0.05964121807320082
0.23138726472162513
0.08843634442942286
0.25915198684785296
0.1172310223420106
0.28691669042283285
-0.03338266955857413
0.3731371430759533
-0.04060669924400198
0.41257100406935915
-0.04838465494564869
0.4518624208482557
-0.05772902398851953
0.4906693291308417
-0.07066788066185785
0.5284568533247156
-0.0841560751802966
0.5661004486045006
0.7488594769029894
0.7412680916477923
0.708951989052529
0.7418351349739504
0.6695517880121569
0.7366611173185434
0.6342087057447218
0.717937017519789
0.6006041886560584
0.696150370036351
0.567042480903535
0.6743866891934531
0.7016752922519778
0.16415194806001956
0.6734281898099939
0.19248983760356
0.6467270691639907
0.22215413853703092
0.6221437573045515
0.25359765780033705
0.5997170095941314
0.28663036802146963
0.5779455941307048
0.3201782599838035
-0.0451147607235518
0.4402383763055762
-0.0546645658376102
0.4788951024440819
-0.06668447470437139
0.5169483425499479
-0.08010153566662627
0.5548650262125717
-0.09618007342022264
0.5913728951211796
-0.11415301784628096
0.6270645829741346
0.6793077594725747
0.1782733025335419
0.6865030804419019
0.1389756723597531
0.6937579076420469
0.09978089174852546
0.6990688882935284
0.06028544865310515
0.7012306050786258
0.020414631773771553
0.7009434203017205
-0.01955974465453487
0.8430488002946156
-0.19805679966939516
0.8779832956866989
-0.1785785074136456
0.9128944190956041
-0.15906779492488532
0.9477538887879968
-0.13945658295674987
0.9825731465582801
-0.11976913633854698
1.0173805941349738
-0.10006041675818117
-0.043506479097967204
0.4829873903914643
-0.03734979901147857
0.4435658746068215
-0.03150464542421805
0.4041297407572778
-0.026261282516342018
0.36461141199676955
-0.021722130873800854
0.3252198030036487
-0.017034097057922144
0.2858061166656111
0.8066618140265731
0.5475179374084801
0.8358474867334784
0.520159096992027
0.8647995010413816
0.49255049302381126
0.8935825940954968
0.464742727116909
0.928178813977389
0.444533171218152
0.9641023025654799
0.42667981871850696
0.21623014248507255
0.6673536034288879
0.17700959679144737
0.659495400223146
0.1377778181380017
0.6516563262363329
0.09813927434163291
0.6465026064181427
0.058234713734087167
0.6484269713376422
0.018476707823097436
0.6528627369225247
0.031659497689861864
0.5037613895815822
0.011612587996376116
0.5383805971729552
-0.012934320782367942
0.5700169707841977
-0.04373144925026035
0.5959331984860159
-0.08062180880437132
0.6118075475947141
-0.11856253713136128
0.6247274145224162
0.6600556263580839
0.18886328307768976
0.6771020169991009
0.15257126365551407
0.6915264764741048
0.11527885646444462
0.6978410799762778
0.07586631332624325
0.7004050334001054
0.03600913387470198
0.7020080568127323
-0.003946320037987287
0.012988546235826714
0.17435313223215432
0.03948996123148761
0.14440368292357725
0.06604637443082538
0.11450404238177778
0.09275486340598826
0.08473479754954007
0.1196255577597104
0.05510395582728723
0.14653921299405248
0.025512366752394527
-0.14621514001387462
0.8746441688898633
-0.14691101813124366
0.9146375767821712
-0.14775272679836862
0.9546284270127016
-0.14867702359049256
0.994617538870646
-0.14963770125422268
1.0346058745061397
-0.1506076196427557
1.0745940708025428
0.8003992302359746
0.7570071818544227
0.7796854946862448
0.7911962923502244
0.7603690624829369
0.8261575369695571
0.7426243496416566
0.8618978227853318
0.7252224428821575
0.897843208037964
0.7071936354840653
0.93353670659019
0.029698165609452515
0.594866571524884
-0.0073999840198819365
0.5800416949824925
-0.04472345970657009
0.5660360333208679
-0.08206593496585506
0.5516306913077672
-0.11955476346999222
0.5376093219119848
-0.15711882560722784
0.5238142993564928
0.70400109190905
-0.04565092352877954
0.7128172055243437
-0.0846270981417869
0.7201145839822224
-0.1239339371700155
0.7272028357771482
-0.16328668161143156
0.733114982345808
-0.20280479858815498
0.7384891571452914
-0.24240839839954806
0.6726638166983506
0.1477116161658772
0.6639086286539068
0.18675862724526768
0.6571161183858871
0.22618132911743202
0.6516134527408924
0.26575892589608596
0.6480329799557683
0.305479126248082
0.649653069330589
0.34527297983809774
0.6558498839141982
0.8060751314658563
0.668713529957968
0.8437558162714114
0.6780992015931132
0.8832196493447821
0.6864322101919036
0.9229214159831876
0.6947729029659665
0.9626187561910825
0.7041274190563432
1.0017709098763916
0.49246956838350375
0.2217048382170816
0.4534297015079792
0.21299298234624214
0.4143885363063038
0.2042886766557955
0.3753477086417932
0.1955821636610724
0.3363071672169193
0.18687412115959298
0.29726661426792633
0.1781658996680427
0.7636426935593708
0.7176741953890978
0.7920960527459943
0.6895596113356789
0.8205108060152462
0.6614982276201995
0.8506319158994573
0.6353271497044178
0.8837314217686117
0.6129949481740434
0.9187232145732825
0.5936535458424457
0.7200138782152518
0.655264289381117
0.6842488601925759
0.672705361600565
0.6471330090953706
0.68798611433377
0.6180107621200185
0.7154636860871713
0.5944525599651664
0.7477785735505355
0.5722972065867155
0.7810813712778241
-0.01702475647554285
0.6632234673527247
-0.03136285958138196
0.625776744724246
-0.047163528678465565
0.5889081952621851
-0.05870933648076242
0.5504680308156955
-0.060011074334557615
0.5105210045770583
-0.057183385693104945
0.47064277784346364
0.6846025158080705
0.1549715670469137
0.6911049301140871
0.11564747273460625
0.6966971209061323
0.07617924855343527
0.6991544720090813
0.03642718899399043
0.700068841410298
-0.003397679362528318
0.7024043315744086
-0.04320596153057558
0.13111632186325103
0.5896649824181575
0.09161854450902308
0.5947949242491529
0.05183093128196297
0.5961647789038236
0.011414575246845053
0.591984260895595
-0.028494251910308313
0.5991805257764965
-0.06781031105918477
0.6074115919561904
-0.03261754682262099
0.5987621983791104
-0.07123251927478591
0.6094956535680617
-0.10968651891162669
0.6207701762395973
-0.14733669651747006
0.6341722218955584
-0.18512602965094108
0.6472703668648817
-0.22299868004932666
0.6601372053347319
0.9812135073622744
0.5028728542015388
0.993419073033276
0.5409672242066684
1.0056871876468105
0.5792665686389092
1.0192659786592033
0.6169427227873224
1.0274162760247878
0.6558987565563386
1.0181489742626955
0.6949145640094795
0.6890438007438751
0.03610928972598873
0.6947525117289021
-0.0034816207009758515
0.7004715337076836
-0.043115594226036974
0.7114792766225999
-0.08159097128428304
0.7339772878899264
-0.11461279555180193
0.7609799586822248
-0.14409436331551742
-0.05635182361286611
0.5099788863237285
-0.050821396935541975
0.47037364112566954
-0.04454000367887454
0.43098009542087246
-0.0369137035331626
0.39189278082253287
-0.02788168301322598
0.35309455277559837
-0.020218740583162767
0.3139730598394342
0.14794477080382057
0.7121984875666477
0.11402777002604855
0.6910021025063336
0.0779655785479755
0.6735332041045218
0.03990497805849232
0.660092504275576
0.0020749253791075297
0.6468431486004458
-0.035903569383249345
0.6342178965528774
0.9866661221859702
0.28103003881769584
0.9800806177850181
0.32059603592370345
0.9725181076389587
0.3600163379551546
0.9618769028829574
0.39863218245223575
0.9463005087453786
0.4353605648535426
0.928358641411856
0.471140206557769
0.7961303627604651
0.7551345291954916
0.7664300510573903
0.7283367625329015
0.7353534709597009
0.703124105120905
0.7005430555412901
0.6834250460034388
0.6622880179518559
0.6720514406510594
0.623952777563836
0.660635742894032
-0.2423110437473253
0.9811336417810583
-0.22355430174755161
0.9458044930449585
-0.20293662052769199
0.9115339178433882
-0.17965161192433327
0.8790171833834488
-0.15586083223743108
0.8468641388468349
-0.1326797501198218
0.814263870437594
0.12845551710560663
0.7075865594670264
0.14716333841516258
0.672303139508632
0.1667531503469717
0.6375391005836035
0.18652570981896877
0.6028177575802125
0.2075502006615271
0.568805739227056
0.22986576960339977
0.5356221044328722
-0.0812894464839135
0.5364364525098722
-0.06787901117893888
0.49876044381713663
-0.056537531125869095
0.4604166550474457
-0.046379959725822595
0.4218008585279053
-0.03513159431800146
0.38367008325164265
-0.022962516563248152
0.345702186702384
0.700772864787998
0.06173991752510281
0.7001282589150666
0.02178095778002256
0.7008579492308281
-0.018114022063318812
0.7053597180093218
-0.057669970072237
0.7101529604850892
-0.09726226101993489
0.7142592771717718
-0.1369862201239769
0.768272744473946
0.3341757549302592
0.7289321716377957
0.3269401029476091
0.6897239045530992
0.3190193415410093
0.6511822707355573
0.30828512909951644
0.6144417749957278
0.29248561582347576
0.5798503105691303
0.27237506289620544
-0.010063932469672195
0.6281913653628503
-0.0496169048250323
0.6340114252587334
-0.08881948594761409
0.6420501259776004
-0.12767126607225163
0.651937273892328
-0.16475933212233473
0.6672200930251089
-0.20163264180469553
0.6829602340289902
-0.08605981696694798
0.8013749808604183
-0.06084730250618651
0.770321197270976
-0.03564548910142122
0.7392593893758523
-0.009896154348884143
0.7086528320853446
0.017922628221941444
0.6799338390462493
0.04811514754474278
0.6537944626226644
0.9171775103830858
0.7036104153234416
0.8806106804196615
0.7197129049413378
0.8443198978286324
0.7363850391339
0.8086240299152867
0.7542939458977745
0.7737897980669346
0.7738486179006635
0.7391236941118527
0.793706096143449
0.8970442121767369
0.5152678830264358
0.9015489728428026
0.5549783783716121
0.9054344851561468
0.594694728873398
0.9045504117206807
0.6345983443747257
0.902116152925736
0.6745178926740818
0.9028967877018717
0.7145196760482582
0.004551916944585036
0.26833341509161335
0.008810943221313365
0.2285636757054024
0.013036968904336536
0.18881828851087262
0.017239804164167948
0.1490433798077141
0.021558443055072957
0.10927722015564476
0.025907461669677848
0.06951435131485365
0.8588327603927904
0.1169325672616499
0.8803229624728374
0.1506682462947165
0.9018901588941376
0.18435633231406848
0.9234829200443829
0.2180279026473606
0.9450789409825064
0.25169724684576056
0.9666732260340964
0.28536757746729446
-0.049548923528185115
0.44323544771490947
-0.039690672935197124
0.48194434530638414
-0.03349836719434836
0.5213149506600263
-0.03407953010969506
0.5611625900368511
-0.04147654900835699
0.6004071472069117
-0.05186037609436876
0.6390702076862291
0.24140103299000507
0.5726838893416886
0.23658199873270255
0.5331617070625613
0.23443123461231044
0.4934949898913244
0.23689884152860097
0.4537055467716863
0.23929569924064698
0.4137788438606674
0.2416666033344302
0.37384928207052864
0.22114961094080446
0.583597943644935
0.22630920072639177
0.5439293626879175
0.23146195964468474
0.5039591753640774
0.23661014288267607
0.46370308441522157
0.24189113762520992
0.4240480558014217
0.24723583405466412
0.3844067353857477
0.9421180800916419
0.5447963463735348
0.9219739432063387
0.5795683587170208
0.9060632346947036
0.6169465657134343
0.8875100814029312
0.6527612309604434
0.8664174046733251
0.6868292999629731
0.8447944079347529
0.7204910030176117
0.6816699758427353
1.0059198693371407
0.6793021279699296
0.9659912391524392
0.6766223853364798
0.9260827438886101
0.6732802084464071
0.8862247527385544
0.6688986741254549
0.846464037732546
0.6630395976830221
0.8064240596839867
0.7142448604233956
0.5967455426654026
0.7141805390643461
0.5567456257585679
0.7140225990466588
0.5167206148029946
0.7130207818372576
0.476653745817658
0.7083565511459651
0.43702534789456104
0.699979911563477
0.3979782713311482
0.6947379846452914
0.977315038445413
0.7208172777743413
1.0076196431415068
0.7444539168805988
1.0398592675009866
0.7639873765389494
1.0748069684460315
0.7835672563362838
1.10968747870399
0.8031650526097356
1.144557572179619
-0.011424929961419337
0.6896162601625161
-0.05151531950384149
0.689272231993009
-0.09139298564218376
0.6851970922393281
-0.12937742897738444
0.6725483622422308
-0.16621333689069964
0.6569204038285009
-0.20312730027054
0.6415088047486497
0.7371428314582379
0.4829884799641631
0.7163155015008259
0.4488421303780122
0.7002676559214213
0.4121659355393969
0.6836573983690453
0.37564980618902016
0.6705784811134045
0.33773058075181916
0.6547644477237201
0.30098820778144847
0.6838161361432112
1.0059602581236293
0.6445912101193593
0.9981121191455076
0.6053631133843336
0.9902818288668506
0.5661314883113864
0.982472139877674
0.526897554494329
0.9746769503790449
0.4876631083357519
0.9668872174856082
0.9155058314787888
0.6415679015928905
0.9463640298895721
0.6160092869111319
0.9771921994237217
0.5907741114269391
1.002239841449736
0.5601365551761682
1.0136982211201628
0.5216067162028867
1.0227672175453797
0.48259829826470935
0.7165951544125613
0.5410936189396248
0.7104298832323368
0.501683249894414
0.7091313788942551
0.46142382483498473
0.7068741642192226
0.42098194296291314
0.7009909625514944
0.38121886359916674
0.6951303275726596
0.34164704209670965
-0.03158320923825469
0.5996080069519324
-0.040946379417424614
0.5607254713020918
-0.047486165765507515
0.521296070743173
-0.050071950230492095
0.48139521966011295
-0.05109728125994718
0.44141182139806784
-0.050602950306069254
0.40142690818479776
0.6978899750517278
1.0652249040908606
0.6930041079524338
1.1048890904994622
0.686399571948404
1.1442030953822573
0.6779496556437188
1.183269127134381
0.6722213701594961
1.2228980705475658
0.6681724001459977
1.2627084839939609
0.7146230839582087
0.6054394268906439
0.7140078897072611
0.5654439286496901
0.7134627460680923
0.525439012718254
0.7132254076901522
0.48535179660043287
0.7101153999352201
0.44555304047186634
0.704380433460638
0.40603909802316296
0.6887377691968147
0.8181067804560742
0.6915953721434588
0.8579307801571825
0.6942438090436134
0.8976529829387867
0.696270978741047
0.9374108482482323
0.6975773368364685
0.9772202883920599
0.6989349711766331
1.0171926079532472
0.7995975467303813
0.6236648409721733
0.8392413382691489
0.6183383192582764
0.8788819867709019
0.6130059634046078
0.9185735196720913
0.6082665916920325
0.9585980109791862
0.6105695869167427
0.9985359027889776
0.6128567737703048
0.03134652598542745
0.6967829103453447
0.06832930007935092
0.6815301583094172
0.10578828638022006
0.6661192088737865
0.14178170063819753
0.647757636434847
0.17639225020511687
0.6275205161879183
0.21177469954184155
0.6088039899410075
0.20639272075010406
0.6175063413855083
0.1683896913278776
0.6052371161420323
0.12995254929243075
0.5944708232396846
0.09069270415980248
0.5867025524242411
0.0507597604291133
0.5835745189232945
0.011049215821944316
0.587914662132199
-0.058691337870361335
0.4288290200436499
-0.04289120240269348
0.39209542444056705
-0.028745699972434258
0.35490667655659774
-0.017416650973921994
0.31651467346709394
-0.0054658159932686615
0.27817377814394184
0.008052712637891915
0.24058220544602854
0.8614149291112909
0.6937886150176225
0.8983498982561398
0.6786179771664258
0.9353901726668475
0.6643964080994155
0.9744481499625653
0.6575109345149853
1.0141124465660571
0.6575355797575754
1.0523855101915578
0.6461421200558901
0.948268062721516
0.4860347793336473
0.9103965954116621
0.47401872166509307
0.8714728232633091
0.4654925526551892
0.8321464884428398
0.45866334407597426
0.7926290638289714
0.45303399124507876
0.7530138529409618
0.4478342627638077
0.7475247723653494
0.7622466536777415
0.7347138545680784
0.724408720633427
0.7123428663198612
0.6914888926545305
0.6741001965106307
0.6812004807251222
0.6372137352528393
0.6960327156659674
0.6017145596948611
0.7144214217490458
0.7014199527628907
1.0047118116521483
0.700218089964793
1.0446558303118216
0.696647223364953
1.0843205586868914
0.6895800600680883
1.1234649041023324
0.6803678666232288
1.162220065571086
0.6695594352696645
1.2007045516761907
0.7353242350687375
-0.07379960916380007
0.7455224024204384
-0.11247859935424373
0.7557412997374043
-0.15124922124153375
0.7672010359510367
-0.1896722662756801
0.7795136113746453
-0.22776620508667597
0.7929352380047783
-0.265453502166508
0.6490783877804531
0.16109234092798447
0.6751016611512279
0.1914261751058616
0.70004993356997
0.22266303984843056
0.7245751793005816
0.2542719132753858
0.7488246164944506
0.28609318812773843
0.7729727361210937
0.31798692343546175
-0.028586283105662604
0.7056328675126494
-0.042237791992619754
0.7432299568371858
-0.05476642280034349
0.7812193794076956
-0.06633825411404233
0.819512246102378
-0.07750172831753123
0.8579254019154698
-0.08867364303997002
0.8963337091546053
0.6814432123947524
0.23679852889744066
0.646709437026443
0.25665059697044446
0.6117106753108238
0.27603760971787994
0.5757380062387146
0.2934763186985419
0.5427396975507749
0.3159734201082529
0.5167742016357469
0.34636484455616234
0.46205533861010345
0.23049546139204125
0.43219127857931955
0.20388466622048665
0.4023273009740823
0.17727407143858395
0.3724637179050551
0.15066294092284294
0.342600256748028
0.12405157325359847
0.3127368662712485
0.09744002514259503
0.6866865432022702
0.6448354086297321
0.6888379600052744
0.6048462527071838
0.6922614611077264
0.5648915231606092
0.6978338817047521
0.5251210189103754
0.7048243574288257
0.4856218792781497
0.7131903041943994
0.44652668266098267
1.017822553299074
0.28407654894494444
0.9995154934572806
0.24852307927708545
0.981914311772891
0.21261771790169368
0.9656588569544794
0.1760612358496522
0.9497093112460394
0.1393770802355166
0.9337859029285926
0.1026831933356216
0.7763267846720342
0.9575127418554986
0.7600643577654141
0.9209399340177221
0.7485596875303192
0.8826231842119563
0.7426219250112199
0.8430885633105093
0.740116702420399
0.8031696699323028
0.7371384423026278
0.7632510400333287
0.5499781042428201
0.3311861497989424
0.5249227099926292
0.300006501795812
0.4998613304974816
0.268832169577029
0.47478471211767465
0.23767000610603037
0.4496871117793568
0.2065240465487771
0.4245702096122432
0.1753920290908695
0.6989173266784343
0.0952157778130415
0.6993680055414856
0.05521983424030815
0.6997399548390006
0.015307083059410427
0.7004295461321749
-0.024579315854720514
0.7075794540686174
-0.06380412796808627
0.7239118262209506
-0.10029256394032361
0.5207738677780037
0.13002717847653705
0.5560456983747554
0.14890246721919645
0.5919325200018666
0.16657749999930369
0.6289361549044523
0.18176859384176836
0.6672845946946975
0.1930545969831328
0.7065396923463487
0.20007004019512742
0.7244615158663021
0.476898223244017
0.7140927139652368
0.4383441737074803
0.7003794956352256
0.4008822269073931
0.6825517386324091
0.36523639181530865
0.6631794593470318
0.33036642051706855
0.6476317556585058
0.2935905588271307
-0.06329124802444565
0.5368319559968228
-0.05828595258055968
0.4971677058301122
-0.05242464606728029
0.4577366245322013
-0.04356395008163567
0.4191416591705812
-0.034246176487335016
0.3806039983712765
-0.025248035093879982
0.34149686060722106
-0.04604639325252464
0.5331567706192034
-0.04769174492569712
0.4932260792236801
-0.04703005481283492
0.4532822043910834
-0.04171544760938818
0.41374664776292663
-0.033336162653825
0.37473296043040116
-0.02320377879297611
0.33612297865177354
0.9273436576609106
0.5378350549968057
0.8941996904295882
0.5152981637603677
0.8610129694795028
0.4928155095044482
0.8259273937980424
0.47358032863317867
0.7890821382391696
0.45796449174885806
0.751386298904679
0.44454085890202377
0.758719194892722
0.6636014319312408
0.7226912341896707
0.6809772748519237
0.6867341154623764
0.6983065256954016
0.6531744563003506
0.7196866194998482
0.6196794857511989
0.7416804283009504
0.5840273920531833
0.7598653299979745
0.7126355292117319
0.8247781406793696
0.7325361366884312
0.8593931355785451
0.7509383918523248
0.8948406504533077
0.7643539214576771
0.9325483085574281
0.774633331656978
0.9712347664679669
0.7848967496823455
1.0098958112365244
0.8793495702735767
0.772157260512797
0.8709511593949553
0.8112656705733549
0.8625455913768088
0.8503711096755592
0.8540143676395267
0.8894499687247539
0.8454109798143605
0.9285138133176121
0.8367971197999626
0.9675753196051003
0.9587259339925734
0.44512364293737045
0.9442259515541211
0.4824168660345219
0.9261189195786421
0.5181196030598701
0.9025826599229549
0.5503589472631611
0.8749215969316388
0.5791348931934668
0.8461874363181647
0.6069213030069333
0.04399517395860788
0.637543809752207
0.08037162924783538
0.6209988749594049
0.11955905770094234
0.6150547638636232
0.13182855750024106
0.6522388359324374
0.09747257887550084
0.6714550889143001
0.057854260524675745
0.6706694102496485
0.7767579889492648
0.6058894817052092
0.7459093606967767
0.6313725761345648
0.7162038533750807
0.6580911290420268
0.6871710468624995
0.6856225122370517
0.6603625714852147
0.7150129860280744
0.6350889863148764
0.7459327270057227
0.8447787458042566
0.52041210806802
0.8553966543020065
0.5589686613754523
0.867533437101143
0.5970566284511355
0.881621837662346
0.6344476166577396
0.8940416619744086
0.6723268087410778
0.9081886553003732
0.7096620488107895
0.30353697986283706
0.5648456402569785
0.2648168883220219
0.5748841540839894
0.22606834972499254
0.5849472747365724
0.18710506974918656
0.5943168866946706
0.14773637127223938
0.6019334718834151
0.10844472114923775
0.6095511550254437
0.6350711889889906
0.7770983124515118
0.6714685537861186
0.7604447435150067
0.703470935367349
0.7368183937049413
0.6970530331598911
0.6978599419899225
0.665174310324038
0.6742475288775321
0.6328137048483389
0.6507351136214249
0.7103744618821267
0.4489745727734758
0.7027238959922488
0.4096881743780571
0.6932964782186091
0.3707517263341279
0.6782907153483707
0.33365184528722724
0.6641610214736493
0.29615899931942047
0.6507683852546079
0.2583955687822378
0.7016412592392337
0.9325570828569849
0.6998186416535149
0.9724762909201092
0.6998852060224292
1.0123410090246097
0.6999974337950223
1.0522099589096368
0.6952066931646127
1.0918270852536405
0.6882289640092203
1.1311748607836818
0.8720597523812189
0.6521794207766005
0.8977770884870283
0.6215738285225418
0.9228175353154072
0.5906651753413744
0.9564974907745006
0.56979660498553
0.9959725303734948
0.5650244823007962
1.03557019048711
0.5604496420755517
-0.03075409983969568
0.46437962387885173
-0.04206417595131635
0.5027398178580503
-0.05369437663302263
0.5409761788741142
-0.0657711067811964
0.5790154726529597
-0.08061218390458824
0.6158885005405534
-0.10052734775628275
0.6503036294805431
0.13651976230115537
0.6185745744266374
0.17530338047153174
0.6087872618251208
0.21402899674047746
0.5990247109743871
0.2527509914509514
0.5892438301192415
0.29153386002092796
0.5794544550358061
0.33031662340783186
0.5696620395822076
-0.15841893531948834
0.11632204591263749
-0.1223131493872764
0.13353891650510097
-0.08616893365688681
0.15066552483873327
-0.04983275860778501
0.16737978118432478
-0.013156115817741872
0.1833314080084481
0.02375799838084299
0.19872705476015504
0.7849403316537856
0.5102455306684386
0.7592391633988941
0.47959651936233993
0.7334544024319539
0.44900005911779756
0.7084293602755192
0.4177411058571424
0.6876682700455801
0.38353004869947227
0.6684185532319689
0.3484724291584538
0.6933203077462288
-0.029932287638400938
0.7022567315841924
-0.06889468861346573
0.7097203169397851
-0.10813472382644604
0.7132908053688161
-0.1479581963911634
0.7145746771065349
-0.187953211109567
0.7158363046783643
-0.22793346354069188
0.6903020575853731
0.01096797694284094
0.6989579259594303
-0.028109550154088697
0.7082991297396372
-0.06705958219291197
0.7115064425177277
-0.10693073588958991
0.7132094043369486
-0.1469147423624435
0.7146776999614786
-0.18690976793004108
-0.10187222915584379
0.11875869903472551
-0.06790971222461191
0.13989002245618984
-0.03393746505323051
0.16100551923804918
3.3711894098929154e-5
0.1821256735314679
0.0339468674243035
0.2033397938534286
0.06786076359435012
0.22454972525703745
-0.27806190287047605
0.907100433644106
-0.29061483947440386
0.8691367375748441
-0.313947277702363
0.8369165552155791
-0.34348717605327717
0.81024104436981
-0.3709609702586532
0.7812147089539615
-0.39739574754207285
0.7512262219169028
-0.036655572754389944
0.3867792737369841
-0.02611038075515702
0.3482357268566019
-0.01686689378770742
0.3091926089143665
-0.006509618981762704
0.27053028065180557
0.0065326597314516776
0.23279785570497755
0.02071835308785894
0.19544507946185366
0.681743790300336
0.34615754952920813
0.6434455882688879
0.3344982183580158
0.6033452930990406
0.337458656800981
0.5636497416852403
0.34405140690356467
0.5235949468034918
0.3459198100682004
0.48359203883077395
0.34684131986775024
0.6976277951479977
0.5263749278771047
0.692548988779557
0.5660568701470904
0.6873653197566837
0.6056914711730161
0.6799337944594415
0.6449339173696248
0.6678482194976587
0.682957049807939
0.6544814099970827
0.7206773587718766
-0.08128580340530892
0.1281692373171398
-0.048277312223174336
0.1507618435389378
-0.015260098774220068
0.17333865344255042
0.017718856198023592
0.19596929354458492
0.05059930253650343
0.21875060260030224
0.08348034061954838
0.24152892450192254
0.7695665703110443
0.7965583778299916
0.7988808706165331
0.8237281173442829
0.8279837681141707
0.8511203489536712
0.856911743014246
0.8787302476679342
0.8858342056341346
0.9063610778225217
0.9147533399061297
0.9339957885787002
0.7223759903364053
0.5079180669116005
0.7107545699013508
0.5461878803253837
0.6995063048297723
0.5845757371236832
0.689128437688138
0.6232082756522961
0.6801170091613261
0.6622375622510857
0.6696107017484172
0.7008719089806011
0.21877667609181775
0.5477178596026727
0.22757282059229728
0.5087556901722795
0.23582910772775903
0.47011743670768114
0.24363102397775563
0.43089373008026083
0.25186299392660727
0.39175049289217534
0.2602215317716763
0.35263370373160674
0.2753256837032788
0.10888987164343965
0.13297905941993657
0.31918933994864374
0.5239992901343979
0.39270589384337773
0.23542662302120843
0.4921321925197929
0.7927424822333472
0.8713011813068642
0.20693922893379155
0.2920588910602729
0.8072041976400328
0.21879933674107055
0.18764756767870341
0.5000682015622827
0.19499149896854426
0.8222739648262055
0.31537825423710014
0.5876199983505113
0.7271868559396416
0.8346010848254886
0.28733582841390637
0.5553571601954989
0.6835129020340488
0.8117181312189395
0.08929245828927548
0.48197659956109684
0.8817088508792894
0.714232616206542
0.8876807358980757
0.5180364134472433
0.9272111532385805
0.8982755649294557
0.37433936302067256
0.15239489211720314
0.8058208435859533
0.5945727435947465
0.13571734815695385
0.3252670007201798
1.009445758962853
0.7413337883845884
0.5168025566623557
1.018987381350306
0.2820355589801253
0.877887201775643
0.37590867108010584
0.27952266091762473
0.5282120022710605
0.4108834904949127
0.08345297166839433
0.7582947795506717
0.3513746786871895
0.14313231484385133
0.4479916102595639
0.9704592644611305
1.018701635267264
0.03312126289678275
0.14844579019927348
0.5801816830512808
