0.024250559284116333
0.02756152125279642
0.03006711409395973
0.03158836689038031
0.03185682326621924
0.03230425055928412
0.03230425055928412
0.03248322147651007
0.03328859060402684
0.03498881431767338
0.03615212527964206
0.03642058165548098
0.03686800894854586
0.03740492170022371
0.037941834451901565
0.037941834451901565
0.03740492170022371
0.03767337807606264
0.038120805369127514
0.0396420581655481
0.04
0.03955257270693512
0.03955257270693512
0.03982102908277405
0.04062639821029083
0.041073825503355706
0.04170022371364653
0.04196868008948546
0.043221476510067115
0.04277404921700224
0.04286353467561521
0.042953020134228186
0.04259507829977629
0.04232662192393736
0.042953020134228186
0.04259507829977629
0.042237136465324385
0.042505592841163314
0.04313199105145414
0.04268456375838926
0.042237136465324385
0.04178970917225951
0.04134228187919463
0.04170022371364653
0.042953020134228186
0.04241610738255033
0.042237136465324385
0.042505592841163314
0.04232662192393736
0.042237136465324385
0.04313199105145414
0.04366890380313199
0.04357941834451901
0.04384787472035794
0.043221476510067115
0.042953020134228186
0.043221476510067115
0.04304250559284116
0.04259507829977629
0.04357941834451901
0.04375838926174497
0.04304250559284116
0.04366890380313199
0.044116331096196865
0.044384787472035794
0.04519015659955257
0.04599552572706935
0.046085011185682326
0.046532438478747204
0.04572706935123042
0.04590604026845638
0.0454586129753915
0.04671140939597315
0.04662192393736018
0.04697986577181208
0.047069351230425056
0.047516778523489935
0.047516778523489935
0.04697986577181208
0.04689038031319911
0.04832214765100671
0.04778523489932886
0.048232662192393735
0.04805369127516779
0.048680089485458614
0.04760626398210291
0.04742729306487696
0.04778523489932886
0.04715883668903803
0.0461744966442953
0.045369127516778525
0.04554809843400447
0.0454586129753915
0.046085011185682326
0.0461744966442953
0.04483221476510067
0.044116331096196865
0.044205816554809846
0.04366890380313199
0.04304250559284116
0.04366890380313199
0.04384787472035794
0.04402684563758389
0.04447427293064877
0.045100671140939595
0.0454586129753915
0.0458165548098434
0.04599552572706935
0.0458165548098434
0.04563758389261745
0.04554809843400447
0.04572706935123042
0.0458165548098434
0.046532438478747204
0.04680089485458613
0.047069351230425056
0.04644295302013423
0.04644295302013423
0.0454586129753915
0.04644295302013423
0.04671140939597315
0.04760626398210291
0.04814317673378076
0.04805369127516779
0.048948545861297536
0.04832214765100671
0.04930648769574944
0.04859060402684564
0.04876957494407159
0.04805369127516779
0.048680089485458614
0.04859060402684564
0.04876957494407159
0.04876957494407159
0.04975391498881432
0.04975391498881432
0.050917225950783
0.05073825503355705
0.050648769574944075
0.05011185682326622
0.05145413870246085
0.05225950782997763
0.052527964205816555
0.053512304250559285
0.05342281879194631
0.05342281879194631
0.05404921700223714
0.054407158836689035
0.05413870246085011
0.05503355704697987
0.05494407158836689
0.05431767337807606
0.054228187919463086
0.054496644295302016
0.053691275167785234
0.05297539149888143
0.05145413870246085
0.05073825503355705
0.05002237136465324
0.04903803131991052
0.048411633109619684
0.04805369127516779
0.04814317673378076
0.04733780760626398
0.04787472035794183
0.048411633109619684
0.049217002237136466
0.049664429530201344
0.04993288590604027
0.05029082774049217
0.05046979865771812
0.05029082774049217
0.050648769574944075
0.051096196868008946
0.05082774049217002
0.05082774049217002
0.050917225950783
0.052348993288590606
0.053243847874720356
0.05360178970917226
0.053512304250559285
0.05378076062639821
0.053512304250559285
0.053512304250559285
0.052080536912751677
0.05243847874720358
0.051543624161073824
0.052796420581655484
0.051812080536912754
0.052527964205816555
0.052080536912751677
0.05243847874720358
0.05217002237136465
0.052348993288590606
0.05217002237136465
0.052796420581655484
0.05217002237136465
0.05190156599552573
0.0519910514541387
0.05145413870246085
0.052080536912751677
0.0516331096196868
0.051543624161073824
0.05082774049217002
0.0502013422818792
0.051364653243847876
0.0502013422818792
0.05002237136465324
0.0502013422818792
0.05011185682326622
0.05002237136465324
0.05082774049217002
0.05029082774049217
0.05100671140939597
0.05190156599552573
0.051364653243847876
0.0502013422818792
0.05029082774049217
0.04993288590604027
0.050380313199105145
0.04957494407158837
0.04957494407158837
0.049664429530201344
0.05029082774049217
0.05011185682326622
0.05029082774049217
0.05029082774049217
0.04975391498881432
0.04885906040268456
0.04859060402684564
0.04832214765100671
0.04948545861297539
0.04903803131991052
0.04912751677852349
0.049395973154362414
0.04903803131991052
0.049395973154362414
0.048501118568232665
0.04859060402684564
0.04832214765100671
0.04876957494407159
0.048411633109619684
0.04787472035794183
0.04832214765100671
0.048948545861297536
0.049664429530201344
0.050917225950783
0.051096196868008946
0.051543624161073824
0.0519910514541387
0.05333333333333334
0.05395973154362416
0.054496644295302016
0.05387024608501118
0.05387024608501118
0.05530201342281879
0.05610738255033557
0.05646532438478747
0.05691275167785235
0.0570917225950783
0.0570917225950783
0.05727069351230425
0.05691275167785235
0.0567337807606264
0.056823266219239374
0.055391498881431765
0.05574944071588367
0.0567337807606264
0.05718120805369128
0.057360178970917226
0.056375838926174496
0.05646532438478747
0.05628635346756152
0.056823266219239374
0.057360178970917226
0.05557046979865772
0.05628635346756152
0.05646532438478747
0.056554809843400444
0.056375838926174496
0.05619686800894855
0.05628635346756152
0.056823266219239374
0.056823266219239374
0.05646532438478747
0.05700223713646532
0.056375838926174496
0.05646532438478747
0.05601789709172259
0.05700223713646532
0.05700223713646532
0.05718120805369128
0.057807606263982104
0.0574496644295302
0.05789709172259508
0.05798657718120805
0.05807606263982103
0.05807606263982103
0.05843400447427293
0.058702460850111854
0.05834451901565996
0.05807606263982103
0.05825503355704698
0.05807606263982103
0.05807606263982103
0.05807606263982103
0.057539149888143175
0.05771812080536913
0.05771812080536913
0.0567337807606264
0.0570917225950783
0.056823266219239374
0.056375838926174496
0.0567337807606264
0.0574496644295302
0.057807606263982104
0.05727069351230425
0.05727069351230425
0.057539149888143175
0.056823266219239374
0.056823266219239374
0.05718120805369128
0.057360178970917226
0.0567337807606264
0.05691275167785235
0.05691275167785235
0.056823266219239374
0.056554809843400444
0.05646532438478747
0.05619686800894855
0.05691275167785235
0.056375838926174496
0.05646532438478747
0.056554809843400444
0.0567337807606264
0.05727069351230425
0.05807606263982103
0.05825503355704698
0.05861297539149888
0.058970917225950784
0.058970917225950784
0.059955257270693514
0.06111856823266219
0.06201342281879195
0.06192393736017897
0.06192393736017897
0.06156599552572707
0.061655480984340046
0.060850111856823264
0.06111856823266219
0.06129753914988814
0.06040268456375839
0.06049217002237137
0.06004474272930649
0.06013422818791946
0.059507829977628636
0.05941834451901566
0.05941834451901566
0.058791946308724835
0.05861297539149888
0.058165548098434
0.05798657718120805
0.05843400447427293
0.05932885906040269
0.058970917225950784
0.05834451901565996
0.058523489932885905
0.05825503355704698
0.058791946308724835
0.058791946308724835
0.05834451901565996
0.05727069351230425
0.05762863534675615
0.0574496644295302
0.05834451901565996
0.05914988814317673
0.05888143176733781
0.05843400447427293
0.05861297539149888
0.05914988814317673
0.058702460850111854
0.05789709172259508
0.05825503355704698
0.05727069351230425
0.057539149888143175
0.0574496644295302
0.057807606263982104
0.05807606263982103
0.05789709172259508
0.057807606263982104
0.05807606263982103
0.057360178970917226
0.0567337807606264
0.056554809843400444
0.0570917225950783
0.05691275167785235
0.0574496644295302
0.0574496644295302
0.05727069351230425
0.057807606263982104
0.057807606263982104
0.05789709172259508
0.05727069351230425
0.056644295302013425
0.0567337807606264
0.056554809843400444
0.05691275167785235
0.05700223713646532
0.0570917225950783
0.0570917225950783
0.0570917225950783
0.05601789709172259
0.05548098434004474
0.054407158836689035
0.054228187919463086
0.053243847874720356
0.05315436241610738
0.05288590604026846
0.05297539149888143
0.05225950782997763
0.0512751677852349
0.05172259507829978
0.052348993288590606
0.052348993288590606
0.05288590604026846
0.052527964205816555
0.05225950782997763
0.05225950782997763
0.05261744966442953
0.05225950782997763
0.05342281879194631
0.053512304250559285
0.05333333333333334
0.05243847874720358
0.05261744966442953
0.05190156599552573
0.052080536912751677
0.05315436241610738
0.053512304250559285
0.05342281879194631
0.05225950782997763
0.0512751677852349
0.05172259507829978
0.05172259507829978
0.05243847874720358
0.05297539149888143
0.052796420581655484
0.05360178970917226
0.052527964205816555
0.0519910514541387
0.053512304250559285
0.05342281879194631
0.05342281879194631
0.05378076062639821
0.05342281879194631
0.05315436241610738
0.054228187919463086
0.05503355704697987
0.05503355704697987
0.05458612975391499
0.05476510067114094
0.05494407158836689
0.05333333333333334
0.05333333333333334
0.05306487695749441
0.05360178970917226
0.05342281879194631
0.05395973154362416
0.053691275167785234
0.053512304250559285
0.052527964205816555
0.05297539149888143
0.05297539149888143
0.053243847874720356
0.05458612975391499
0.05530201342281879
0.05485458612975391
0.05458612975391499
0.05601789709172259
0.05646532438478747
0.056375838926174496
0.056823266219239374
0.057539149888143175
0.05825503355704698
0.058165548098434
0.058970917225950784
0.05959731543624161
0.05914988814317673
0.06013422818791946
0.05977628635346756
0.058523489932885905
0.059686800894854584
0.06022371364653244
0.06049217002237137
0.060850111856823264
0.06022371364653244
0.06129753914988814
0.0614765100671141
0.06174496644295302
0.06201342281879195
0.06102908277404922
0.06174496644295302
0.062102908277404924
0.06192393736017897
0.06120805369127517
0.06156599552572707
0.06228187919463087
0.0629082774049217
0.06478747203579419
0.06460850111856824
0.06523489932885906
0.06514541387024608
0.06487695749440715
0.06496644295302013
0.06505592841163312
0.06505592841163312
0.06568232662192394
0.06550335570469798
0.06496644295302013
0.06487695749440715
0.06523489932885906
0.06460850111856824
0.06559284116331096
0.06389261744966443
0.06371364653243848
0.06407158836689038
0.0646979865771812
0.06416107382550336
0.06407158836689038
0.0632662192393736
0.06380313199105145
0.0632662192393736
0.0636241610738255
0.0632662192393736
0.06559284116331096
0.06505592841163312
0.06559284116331096
0.06595078299776286
0.06550335570469798
0.06568232662192394
0.06604026845637584
0.06595078299776286
0.06568232662192394
0.06425055928411633
0.06425055928411633
0.06407158836689038
0.06478747203579419
0.0646979865771812
0.0646979865771812
0.06434004474272931
0.06398210290827741
0.06380313199105145
0.06398210290827741
0.06272930648769574
0.06263982102908278
0.06335570469798658
0.06317673378076062
0.06389261744966443
0.06353467561521253
0.06308724832214765
0.06353467561521253
0.06434004474272931
0.06380313199105145
0.06380313199105145
0.06380313199105145
0.06442953020134229
0.0646979865771812
0.06407158836689038
0.06353467561521253
0.06353467561521253
0.06335570469798658
0.06308724832214765
0.0636241610738255
0.06371364653243848
0.06371364653243848
0.06389261744966443
0.06272930648769574
0.06228187919463087
0.06246085011185682
0.06281879194630872
0.06335570469798658
0.06407158836689038
0.06532438478747203
0.06559284116331096
0.06612975391498882
0.06639821029082774
0.06738255033557047
0.06729306487695749
0.06818791946308725
0.06854586129753915
0.069082774049217
0.0697986577181208
0.07140939597315436
0.07185682326621924
0.07212527964205817
0.07257270693512305
0.07203579418344519
0.07149888143176734
0.07185682326621924
0.07221476510067114
0.07212527964205817
0.07185682326621924
0.07194630872483221
0.07078299776286354
0.07185682326621924
0.07158836689038031
0.07131991051454138
0.07203579418344519
0.07140939597315436
0.0708724832214765
0.07042505592841164
0.0705145413870246
0.07105145413870247
0.07105145413870247
0.07078299776286354
0.07042505592841164
0.07158836689038031
0.07194630872483221
0.07203579418344519
0.07212527964205817
0.07328859060402684
0.07498881431767337
0.07516778523489932
0.07498881431767337
0.07633109619686801
0.07659955257270694
0.07659955257270694
0.07633109619686801
0.07516778523489932
0.0752572706935123
0.07543624161073825
0.07445190156599553
0.07391498881431767
0.07400447427293065
0.0741834451901566
0.0741834451901566
0.07516778523489932
0.07606263982102908
0.07597315436241611
0.07472035794183446
0.07543624161073825
0.07552572706935123
0.07570469798657718
0.07695749440715884
0.07713646532438478
0.07659955257270694
0.07624161073825503
0.07633109619686801
0.0766890380313199
0.07740492170022371
0.07713646532438478
0.07659955257270694
0.07624161073825503
0.0756152125279642
0.07597315436241611
0.07677852348993289
0.07704697986577182
0.07659955257270694
0.07713646532438478
0.07758389261744966
0.07758389261744966
0.07767337807606264
0.07838926174496644
0.07776286353467561
0.07776286353467561
0.07829977628635347
0.07794183445190156
0.07794183445190156
0.07821029082774049
0.07803131991051454
0.07829977628635347
0.07982102908277405
0.08
0.08071588366890381
0.08116331096196867
0.08053691275167785
0.08053691275167785
0.08071588366890381
0.08152125279642058
0.08116331096196867
0.0803579418344519
0.0810738255033557
0.08089485458612976
0.08152125279642058
0.08205816554809843
0.08178970917225951
0.08223713646532438
0.08250559284116331
0.08241610738255034
0.08295302013422819
0.08178970917225951
0.08170022371364653
0.08196868008948546
0.08125279642058165
0.08116331096196867
0.0814317673378076
0.08098434004474273
0.08080536912751678
0.08053691275167785
0.08026845637583893
0.08017897091722595
0.08044742729306488
0.08017897091722595
0.08
0.08026845637583893
0.08098434004474273
0.08062639821029083
0.08080536912751678
0.08116331096196867
0.0810738255033557
0.08161073825503355
0.08134228187919464
0.08161073825503355
0.08178970917225951
0.08089485458612976
0.08044742729306488
0.08116331096196867
0.08152125279642058
0.08161073825503355
0.08214765100671141
0.08205816554809843
0.08196868008948546
0.08223713646532438
0.08277404921700224
0.0814317673378076
0.08196868008948546
0.08286353467561522
0.08340044742729306
0.08402684563758389
0.08456375838926175
0.08411633109619687
0.08429530201342282
0.08420581655480984
0.08438478747203579
0.08465324384787472
0.08456375838926175
0.08545861297539149
0.08438478747203579
0.08420581655480984
0.08429530201342282
0.08411633109619687
0.083668903803132
0.08340044742729306
0.08304250559284117
0.08241610738255034
0.08178970917225951
0.08089485458612976
0.08062639821029083
0.0803579418344519
0.08062639821029083
0.08089485458612976
0.08161073825503355
0.08223713646532438
0.08304250559284117
0.08259507829977629
0.08250559284116331
0.08250559284116331
0.08268456375838926
0.08357941834451901
0.08340044742729306
0.08277404921700224
0.08411633109619687
0.08492170022371365
0.08501118568232663
0.08563758389261746
0.08572706935123042
0.08519015659955258
0.08554809843400447
0.08519015659955258
0.08545861297539149
0.08572706935123042
0.08563758389261746
0.08563758389261746
0.08545861297539149
0.08554809843400447
0.08536912751677853
0.08563758389261746
0.08590604026845637
0.08519015659955258
0.08554809843400447
0.08501118568232663
0.08572706935123042
0.08608501118568232
0.08626398210290828
0.08662192393736018
0.08778523489932887
0.08859060402684564
0.08903803131991052
0.08859060402684564
0.08912751677852349
0.08957494407158836
0.08912751677852349
0.08912751677852349
0.08966442953020134
0.0894854586129754
0.08966442953020134
0.0898434004474273
0.09011185682326622
0.08939597315436242
0.08921700223713647
0.08966442953020134
0.08885906040268457
0.08903803131991052
0.08885906040268457
0.08876957494407159
0.08903803131991052
0.08912751677852349
0.08930648769574943
0.08832214765100671
0.08823266219239373
0.087248322147651
0.08689038031319911
0.08805369127516778
0.08635346756152125
0.08554809843400447
0.08626398210290828
0.08590604026845637
0.08563758389261746
0.08590604026845637
0.08572706935123042
0.08635346756152125
0.08545861297539149
0.08536912751677853
0.08599552572706935
0.08599552572706935
0.0861744966442953
0.08778523489932887
0.08841163310961969
0.08859060402684564
0.08805369127516778
0.08823266219239373
0.08796420581655481
0.08805369127516778
0.08850111856823266
0.08876957494407159
0.08823266219239373
0.08823266219239373
0.08850111856823266
0.08921700223713647
0.08975391498881431
0.08957494407158836
0.08903803131991052
0.08859060402684564
0.08832214765100671
0.08832214765100671
0.08841163310961969
0.08885906040268457
0.08885906040268457
0.08894854586129754
0.08966442953020134
0.09082774049217002
0.0905592841163311
0.08975391498881431
0.09011185682326622
0.08957494407158836
0.08894854586129754
0.08850111856823266
0.08832214765100671
0.08832214765100671
0.08885906040268457
0.08876957494407159
0.08921700223713647
0.0894854586129754
0.08966442953020134
0.08975391498881431
0.08912751677852349
0.08912751677852349
0.08841163310961969
0.08876957494407159
0.08930648769574943
0.08921700223713647
0.08832214765100671
0.08778523489932887
0.08841163310961969
0.08868008948545861
0.08957494407158836
0.0894854586129754
0.09038031319910514
0.09109619686800895
0.09118568232662193
0.0912751677852349
0.09181208053691275
0.09145413870246084
0.09154362416107382
0.09145413870246084
0.09136465324384788
0.0905592841163311
0.09082774049217002
0.0912751677852349
0.09064876957494407
0.09064876957494407
0.0916331096196868
0.09261744966442953
0.0923489932885906
0.0919910514541387
0.09190156599552572
0.09243847874720358
0.0923489932885906
0.09225950782997763
0.09208053691275168
0.09270693512304251
0.09261744966442953
0.09315436241610739
0.09413870246085011
0.09413870246085011
0.09458612975391499
0.09458612975391499
0.0953020134228188
0.09583892617449664
0.09548098434004475
0.09574944071588366
0.09601789709172259
0.09574944071588366
0.09539149888143177
0.09548098434004475
0.09548098434004475
0.09557046979865771
0.09610738255033557
0.09601789709172259
0.09646532438478747
0.09592841163310963
0.09548098434004475
0.09467561521252796
0.09458612975391499
0.0942281879194631
0.09404921700223713
0.09449664429530201
0.09413870246085011
0.09440715883668904
0.09369127516778523
0.09378076062639822
0.09387024608501118
0.09387024608501118
0.09351230425055929
0.09378076062639822
0.0934228187919463
0.09252796420581655
0.09243847874720358
0.09261744966442953
0.09252796420581655
0.09270693512304251
0.09324384787472036
0.09324384787472036
0.09369127516778523
0.09315436241610739
0.09136465324384788
0.09208053691275168
0.09208053691275168
0.09145413870246084
0.0912751677852349
0.090917225950783
0.09118568232662193
0.09100671140939598
0.09154362416107382
0.09136465324384788
0.09100671140939598
0.09082774049217002
0.09190156599552572
0.09261744966442953
0.0923489932885906
0.09145413870246084
0.09208053691275168
0.09029082774049217
0.08975391498881431
0.08957494407158836
0.08975391498881431
0.08975391498881431
0.08993288590604027
0.08993288590604027
0.09145413870246084
0.09208053691275168
0.0923489932885906
0.09190156599552572
0.09154362416107382
0.09190156599552572
0.09243847874720358
0.0919910514541387
0.0919910514541387
0.09252796420581655
0.0919910514541387
0.09243847874720358
0.09225950782997763
0.0919910514541387
0.09208053691275168
0.09252796420581655
0.09190156599552572
0.09190156599552572
0.09154362416107382
0.0916331096196868
0.09172259507829977
0.09208053691275168
0.0919910514541387
0.0916331096196868
0.09136465324384788
0.09225950782997763
0.09217002237136465
0.09279642058165548
0.09270693512304251
0.09252796420581655
0.0916331096196868
0.09109619686800895
0.09109619686800895
0.09064876957494407
0.09082774049217002
0.09118568232662193
0.0919910514541387
0.09252796420581655
0.09217002237136465
0.09225950782997763
0.0916331096196868
0.09181208053691275
0.09190156599552572
0.0919910514541387
0.09190156599552572
0.0923489932885906
0.09261744966442953
0.09324384787472036
0.09315436241610739
0.09297539149888143
0.09270693512304251
0.0919910514541387
0.09243847874720358
0.0923489932885906
0.09279642058165548
0.09440715883668904
0.09485458612975392
0.09431767337807606
0.09413870246085011
0.0934228187919463
0.0942281879194631
0.0942281879194631
0.09467561521252796
0.09476510067114094
0.09521252796420582
0.09494407158836689
0.09548098434004475
0.09548098434004475
0.09512304250559284
0.09503355704697987
0.09557046979865771
0.09395973154362416
0.09395973154362416
0.09512304250559284
0.09557046979865771
0.0967337807606264
0.09646532438478747
0.09664429530201342
0.0967337807606264
0.09503355704697987
0.09458612975391499
0.09404921700223713
0.09395973154362416
0.09440715883668904
0.09485458612975392
0.09458612975391499
0.09413870246085011
0.09378076062639822
0.09360178970917225
0.09315436241610739
0.09360178970917225
0.09369127516778523
0.09395973154362416
0.09395973154362416
0.09181208053691275
0.0912751677852349
0.09136465324384788
0.09145413870246084
0.09100671140939598
0.09217002237136465
0.09172259507829977
0.09181208053691275
0.09109619686800895
0.0912751677852349
0.09038031319910514
0.08939597315436242
0.08876957494407159
0.08796420581655481
0.08742729306487695
0.08689038031319911
0.08662192393736018
0.0865324384787472
0.08689038031319911
0.08599552572706935
0.08626398210290828
0.08599552572706935
0.08554809843400447
0.08519015659955258
0.08527964205816554
0.08536912751677853
0.08554809843400447
0.0861744966442953
0.08662192393736018
0.08608501118568232
0.0861744966442953
0.08599552572706935
0.08671140939597316
0.08662192393736018
0.08706935123042506
0.08742729306487695
0.087248322147651
0.08733780760626399
0.08715883668903802
0.08706935123042506
0.08662192393736018
0.08563758389261746
0.0851006711409396
0.08545861297539149
0.08545861297539149
0.08527964205816554
0.0851006711409396
0.0847427293064877
0.08519015659955258
0.0847427293064877
0.08492170022371365
0.08563758389261746
0.0851006711409396
0.08420581655480984
0.08402684563758389
0.08456375838926175
0.08536912751677853
0.0858165548098434
0.08697986577181208
0.0876062639821029
0.08859060402684564
0.08885906040268457
0.08921700223713647
0.08975391498881431
0.09020134228187919
0.09002237136465324
0.08975391498881431
0.09002237136465324
0.09020134228187919
0.09073825503355705
0.08993288590604027
0.09029082774049217
0.0898434004474273
0.09020134228187919
0.09064876957494407
0.09064876957494407
0.08930648769574943
0.08930648769574943
0.08930648769574943
0.08975391498881431
0.08975391498881431
0.08966442953020134
0.08912751677852349
0.08841163310961969
0.08868008948545861
0.08814317673378076
0.08742729306487695
0.08814317673378076
0.08841163310961969
0.08921700223713647
0.08868008948545861
0.08894854586129754
0.08921700223713647
0.08912751677852349
0.08975391498881431
0.09020134228187919
0.09011185682326622
0.0898434004474273
0.08975391498881431
0.08841163310961969
0.08823266219239373
0.08894854586129754
0.08966442953020134
0.0894854586129754
0.09011185682326622
0.08993288590604027
0.09020134228187919
0.08993288590604027
0.08993288590604027
0.09046979865771812
0.0912751677852349
0.09109619686800895
0.09190156599552572
0.0919910514541387
0.09217002237136465
0.09217002237136465
0.09252796420581655
0.0919910514541387
0.09288590604026846
0.09243847874720358
0.09064876957494407
0.090917225950783
0.09064876957494407
0.0905592841163311
0.09082774049217002
0.09100671140939598
0.09082774049217002
0.09109619686800895
0.0916331096196868
0.09225950782997763
0.09315436241610739
0.09279642058165548
0.09190156599552572
0.09208053691275168
0.09288590604026846
0.09225950782997763
0.09279642058165548
0.09243847874720358
0.09190156599552572
0.09225950782997763
0.0916331096196868
0.09208053691275168
0.0923489932885906
0.09208053691275168
0.0923489932885906
0.0923489932885906
0.09252796420581655
0.0934228187919463
0.09360178970917225
0.09395973154362416
0.09458612975391499
0.09431767337807606
0.09351230425055929
0.09306487695749441
0.09315436241610739
0.09252796420581655
0.09225950782997763
0.09243847874720358
0.09270693512304251
0.0923489932885906
0.09172259507829977
0.0912751677852349
0.09172259507829977
0.09190156599552572
0.0923489932885906
0.09217002237136465
0.09252796420581655
0.09217002237136465
0.09208053691275168
0.0919910514541387
0.09225950782997763
0.09279642058165548
0.09261744966442953
0.09279642058165548
0.09145413870246084
0.09136465324384788
0.09109619686800895
0.0912751677852349
0.09118568232662193
0.09154362416107382
0.0919910514541387
0.09225950782997763
0.09288590604026846
0.09297539149888143
0.09324384787472036
0.09387024608501118
0.09360178970917225
0.09387024608501118
0.09369127516778523
0.09476510067114094
0.09601789709172259
0.0967337807606264
0.09727069351230425
0.098165548098434
0.09879194630872483
0.09897091722595078
0.09906040268456376
0.09879194630872483
0.09664429530201342
0.09727069351230425
0.0970917225950783
0.0978076062639821
0.0985234899328859
0.09870246085011186
0.09914988814317674
0.09977628635346757
0.10093959731543624
0.09995525727069351
0.10004474272930648
0.09968680089485459
0.09986577181208053
0.09995525727069351
0.10022371364653244
0.10049217002237136
0.10004474272930648
0.09986577181208053
0.10022371364653244
0.10004474272930648
0.09906040268456376
0.0985234899328859
0.09843400447427293
0.09888143176733781
0.09923937360178971
0.10013422818791946
0.10058165548098434
0.10031319910514541
0.10067114093959731
0.09977628635346757
0.0995973154362416
0.09968680089485459
0.10022371364653244
0.09977628635346757
0.09932885906040269
0.09977628635346757
0.10013422818791946
0.1004026845637584
0.10031319910514541
0.10013422818791946
0.10022371364653244
0.09986577181208053
0.10049217002237136
0.09950782997762864
0.09995525727069351
0.10022371364653244
0.10085011185682327
0.10129753914988815
0.10165548098434005
0.10165548098434005
0.10102908277404922
0.10058165548098434
0.10093959731543624
0.10049217002237136
0.09986577181208053
0.09986577181208053
0.09968680089485459
0.09977628635346757
0.10049217002237136
0.10093959731543624
0.10049217002237136
0.09950782997762864
0.0995973154362416
0.09968680089485459
0.09923937360178971
0.0995973154362416
0.10022371364653244
0.10004474272930648
0.09986577181208053
0.0995973154362416
0.09995525727069351
0.10004474272930648
0.10022371364653244
0.1004026845637584
0.10031319910514541
0.1014765100671141
0.10165548098434005
0.10219239373601789
0.10237136465324385
0.10237136465324385
0.10201342281879194
0.10219239373601789
0.10281879194630872
0.10263982102908277
0.1025503355704698
0.10201342281879194
0.10210290827740492
0.10219239373601789
0.10246085011185682
0.10210290827740492
0.10201342281879194
0.10156599552572707
0.10120805369127517
0.10111856823266219
0.10111856823266219
0.10085011185682327
0.10085011185682327
0.10102908277404922
0.10129753914988815
0.10129753914988815
0.10076062639821029
0.10093959731543624
0.10022371364653244
0.1004026845637584
0.10004474272930648
0.09977628635346757
0.09995525727069351
0.09941834451901566
0.09897091722595078
0.09968680089485459
0.09977628635346757
0.09995525727069351
0.09888143176733781
0.09888143176733781
0.0995973154362416
0.10013422818791946
0.10022371364653244
0.09995525727069351
0.09977628635346757
0.0995973154362416
0.0995973154362416
0.09977628635346757
0.0995973154362416
0.10004474272930648
0.1004026845637584
0.09968680089485459
0.10004474272930648
0.10013422818791946
0.09932885906040269
0.09932885906040269
0.09843400447427293
0.0985234899328859
0.09888143176733781
0.09879194630872483
0.09914988814317674
0.09861297539149888
0.09897091722595078
0.09932885906040269
0.09968680089485459
0.09968680089485459
0.10013422818791946
0.09995525727069351
0.09977628635346757
0.09977628635346757
0.10004474272930648
0.09986577181208053
0.10022371364653244
0.10031319910514541
0.10058165548098434
0.10013422818791946
0.10022371364653244
0.1004026845637584
0.10031319910514541
0.10013422818791946
0.09986577181208053
0.10013422818791946
0.10102908277404922
0.10058165548098434
0.10013422818791946
0.10022371364653244
0.10031319910514541
0.10085011185682327
0.10067114093959731
0.10031319910514541
0.1004026845637584
0.10022371364653244
0.09977628635346757
0.0995973154362416
0.09941834451901566
0.09914988814317674
0.09906040268456376
0.09950782997762864
0.10013422818791946
0.09932885906040269
0.09906040268456376
0.09968680089485459
0.09914988814317674
0.09932885906040269
0.09977628635346757
0.09977628635346757
0.09932885906040269
0.09825503355704698
0.09861297539149888
0.09843400447427293
0.09825503355704698
0.09798657718120805
0.098165548098434
0.09646532438478747
0.0963758389261745
0.09655480984340045
0.09691275167785235
0.09655480984340045
0.09691275167785235
0.09664429530201342
0.09628635346756152
0.09646532438478747
0.09753914988814318
0.0978076062639821
0.09700223713646533
0.09682326621923937
0.09682326621923937
0.09691275167785235
0.09682326621923937
0.09718120805369128
0.09762863534675616
0.0978076062639821
0.09798657718120805
0.0978076062639821
0.09798657718120805
0.09771812080536912
0.09807606263982104
0.098165548098434
0.09798657718120805
0.0974496644295302
0.0974496644295302
0.09762863534675616
0.09718120805369128
0.09655480984340045
0.09736017897091723
0.09682326621923937
0.0963758389261745
0.0967337807606264
0.09691275167785235
0.09646532438478747
0.0956599552572707
0.0963758389261745
0.09655480984340045
0.09646532438478747
0.09655480984340045
0.09628635346756152
0.0967337807606264
0.09700223713646533
0.09727069351230425
0.09727069351230425
0.09807606263982104
0.09762863534675616
0.0970917225950783
0.09682326621923937
0.0970917225950783
0.09807606263982104
0.09834451901565995
0.09897091722595078
0.09897091722595078
0.09995525727069351
0.09897091722595078
0.09879194630872483
0.0995973154362416
0.10004474272930648
0.09941834451901566
0.0995973154362416
0.10031319910514541
0.10120805369127517
0.1014765100671141
0.10192393736017898
0.10246085011185682
0.1025503355704698
0.10246085011185682
0.10192393736017898
0.10174496644295301
0.10201342281879194
0.10228187919463087
0.10299776286353468
0.10272930648769575
0.10281879194630872
0.1029082774049217
0.10308724832214765
0.10317673378076063
0.10425055928411633
0.10362416107382551
0.10308724832214765
0.10308724832214765
0.10389261744966442
0.10442953020134228
0.10407158836689039
0.1039821029082774
0.10371364653243847
0.10371364653243847
0.10317673378076063
0.10263982102908277
0.10219239373601789
0.10210290827740492
0.10210290827740492
0.10228187919463087
0.10281879194630872
0.101834451901566
0.1032662192393736
0.10246085011185682
0.10210290827740492
0.101834451901566
0.10192393736017898
0.10263982102908277
0.10228187919463087
0.10228187919463087
0.1014765100671141
0.10049217002237136
0.09986577181208053
0.10013422818791946
0.10058165548098434
0.09977628635346757
0.09950782997762864
0.09897091722595078
0.09771812080536912
0.09762863534675616
0.09727069351230425
0.09718120805369128
0.0970917225950783
0.09682326621923937
0.0956599552572707
0.09467561521252796
0.09512304250559284
0.09458612975391499
0.09458612975391499
0.09503355704697987
0.09512304250559284
0.09458612975391499
0.0942281879194631
0.09431767337807606
0.09413870246085011
0.09378076062639822
0.09351230425055929
0.09369127516778523
0.09288590604026846
0.09270693512304251
0.09270693512304251
0.09252796420581655
0.09225950782997763
0.09243847874720358
0.09243847874720358
0.09252796420581655
0.09172259507829977
0.0919910514541387
0.09154362416107382
0.0912751677852349
0.09270693512304251
0.09279642058165548
0.0934228187919463
0.09378076062639822
0.09404921700223713
0.09351230425055929
0.09252796420581655
0.09270693512304251
0.09288590604026846
0.09324384787472036
0.09360178970917225
0.09360178970917225
0.09369127516778523
0.09360178970917225
0.09387024608501118
0.09449664429530201
0.0956599552572707
0.09583892617449664
0.09601789709172259
0.09592841163310963
0.09574944071588366
0.09333333333333334
0.09351230425055929
0.09279642058165548
0.09270693512304251
0.09270693512304251
0.09369127516778523
0.09351230425055929
0.09378076062639822
0.09369127516778523
0.09360178970917225
0.09395973154362416
0.0942281879194631
0.09413870246085011
0.09351230425055929
0.09360178970917225
0.09333333333333334
0.09279642058165548
0.09261744966442953
0.09270693512304251
0.09387024608501118
0.09351230425055929
0.09324384787472036
0.09270693512304251
0.0923489932885906
0.09279642058165548
0.09297539149888143
0.09279642058165548
0.09243847874720358
0.0923489932885906
0.09324384787472036
0.09378076062639822
0.09449664429530201
0.09485458612975392
0.09458612975391499
0.09512304250559284
0.0963758389261745
0.0974496644295302
0.09825503355704698
0.09789709172259507
0.09843400447427293
0.0985234899328859
0.0974496644295302
0.09539149888143177
0.09494407158836689
0.09557046979865771
0.09628635346756152
0.0967337807606264
0.09798657718120805
0.0985234899328859
0.09888143176733781
0.09861297539149888
0.09923937360178971
0.09906040268456376
0.09923937360178971
0.09888143176733781
0.09932885906040269
0.0985234899328859
0.09807606263982104
0.09798657718120805
0.09870246085011186
0.09861297539149888
0.09897091722595078
0.09914988814317674
0.09932885906040269
0.09932885906040269
0.09923937360178971
0.09968680089485459
0.0995973154362416
0.10076062639821029
0.10138702460850112
0.101834451901566
0.10228187919463087
0.10174496644295301
0.10219239373601789
0.10219239373601789
0.10228187919463087
0.10281879194630872
0.10272930648769575
0.10246085011185682
0.10308724832214765
0.1039821029082774
0.10380313199105146
0.10308724832214765
0.1029082774049217
0.1029082774049217
0.10380313199105146
0.10451901565995526
0.10568232662192394
0.10586129753914988
0.10559284116331097
0.10568232662192394
0.1062192393736018
0.10702460850111857
0.1062192393736018
0.10711409395973154
0.10747203579418345
0.10684563758389262
0.10720357941834452
0.10675615212527964
0.10568232662192394
0.10532438478747204
0.10487695749440716
0.10335570469798658
0.10317673378076063
0.10272930648769575
0.10281879194630872
0.10281879194630872
0.10353467561521253
0.1039821029082774
0.10210290827740492
0.10237136465324385
0.101834451901566
0.1025503355704698
0.10246085011185682
0.10246085011185682
0.10281879194630872
0.10335570469798658
0.10407158836689039
0.1043400447427293
0.10478747203579418
0.10469798657718121
0.10460850111856823
0.10389261744966442
0.1043400447427293
0.10407158836689039
0.10389261744966442
0.1025503355704698
0.10201342281879194
0.101834451901566
0.1014765100671141
0.10237136465324385
0.10228187919463087
0.1025503355704698
0.10299776286353468
0.10344519015659956
0.10281879194630872
0.1032662192393736
0.10272930648769575
0.1029082774049217
0.1025503355704698
0.10237136465324385
0.10308724832214765
0.10380313199105146
0.10523489932885906
0.10568232662192394
0.10523489932885906
0.1029082774049217
0.10299776286353468
0.10371364653243847
0.1043400447427293
0.10416107382550335
0.10416107382550335
0.10478747203579418
0.10595078299776287
0.10684563758389262
0.1072930648769575
0.10791946308724833
0.10675615212527964
0.1062192393736018
0.10586129753914988
0.10523489932885906
0.10451901565995526
0.1043400447427293
0.10442953020134228
0.10478747203579418
0.10317673378076063
0.10237136465324385
0.10201342281879194
0.1014765100671141
0.10093959731543624
0.10120805369127517
0.1014765100671141
0.10022371364653244
0.09968680089485459
0.10076062639821029
0.10174496644295301
0.10120805369127517
0.10093959731543624
0.1014765100671141
0.10246085011185682
0.10210290827740492
0.10335570469798658
0.10469798657718121
0.10487695749440716
0.10389261744966442
0.10425055928411633
0.10371364653243847
0.10299776286353468
0.10371364653243847
0.10407158836689039
0.10362416107382551
0.1039821029082774
0.10460850111856823
0.10532438478747204
0.10478747203579418
0.105413870246085
0.10559284116331097
0.10612975391498881
0.10416107382550335
0.1039821029082774
0.10371364653243847
0.10389261744966442
0.1032662192393736
0.1029082774049217
0.10281879194630872
0.10272930648769575
0.10308724832214765
0.10344519015659956
0.10371364653243847
0.10407158836689039
0.10362416107382551
0.10344519015659956
0.10442953020134228
0.10550335570469799
0.10407158836689039
0.1039821029082774
0.10380313199105146
0.10469798657718121
0.10568232662192394
0.1062192393736018
0.10693512304250559
0.10711409395973154
0.10577181208053692
0.10577181208053692
0.10514541387024609
0.10478747203579418
0.10487695749440716
0.10505592841163311
0.10416107382550335
0.1043400447427293
0.10299776286353468
0.10219239373601789
0.10156599552572707
0.10138702460850112
0.10165548098434005
0.10174496644295301
0.10129753914988815
0.10219239373601789
0.101834451901566
0.10093959731543624
0.1004026845637584
0.09977628635346757
0.09977628635346757
0.09986577181208053
0.09995525727069351
0.10058165548098434
0.10076062639821029
0.10085011185682327
0.10067114093959731
0.10013422818791946
0.09914988814317674
0.09888143176733781
0.09950782997762864
0.09986577181208053
0.09897091722595078
0.09861297539149888
0.09736017897091723
0.09736017897091723
0.09718120805369128
0.09753914988814318
0.09682326621923937
0.09700223713646533
0.09682326621923937
0.09727069351230425
0.09825503355704698
0.09825503355704698
0.09870246085011186
0.09986577181208053
0.09941834451901566
0.09950782997762864
0.09968680089485459
0.09941834451901566
0.09762863534675616
0.0978076062639821
0.09762863534675616
0.09700223713646533
0.09664429530201342
0.09718120805369128
0.09753914988814318
0.09753914988814318
0.09727069351230425
0.09700223713646533
0.09736017897091723
0.09700223713646533
0.0974496644295302
0.09789709172259507
0.0978076062639821
0.09771812080536912
0.0978076062639821
0.0978076062639821
0.09798657718120805
0.0995973154362416
0.09941834451901566
0.09807606263982104
0.09807606263982104
0.09825503355704698
0.09727069351230425
0.0970917225950783
0.09521252796420582
0.09548098434004475
0.09619686800894854
0.09583892617449664
0.09539149888143177
0.09512304250559284
0.09485458612975392
0.09449664429530201
0.09387024608501118
0.09395973154362416
0.09395973154362416
0.09351230425055929
0.09387024608501118
0.09485458612975392
0.09485458612975392
0.09458612975391499
0.09458612975391499
0.09521252796420582
0.09557046979865771
0.09583892617449664
0.09610738255033557
0.09548098434004475
0.0953020134228188
0.0953020134228188
0.09601789709172259
0.09610738255033557
0.09646532438478747
0.0970917225950783
0.09771812080536912
0.09789709172259507
0.09825503355704698
0.09789709172259507
0.09870246085011186
0.09843400447427293
0.09879194630872483
0.09825503355704698
0.09771812080536912
0.09807606263982104
0.09610738255033557
0.09619686800894854
0.09592841163310963
0.09592841163310963
0.09601789709172259
0.09619686800894854
0.09664429530201342
0.09655480984340045
0.09691275167785235
0.0970917225950783
0.09646532438478747
0.09628635346756152
0.09700223713646533
0.0967337807606264
0.0967337807606264
0.0963758389261745
0.09700223713646533
0.0963758389261745
0.0963758389261745
0.09619686800894854
0.0963758389261745
0.09592841163310963
0.09619686800894854
0.0963758389261745
0.09574944071588366
0.09548098434004475
0.09574944071588366
0.09592841163310963
0.09646532438478747
0.09592841163310963
0.09664429530201342
0.09789709172259507
0.09825503355704698
0.098165548098434
0.09825503355704698
0.09825503355704698
0.098165548098434
0.09762863534675616
0.09762863534675616
0.09834451901565995
0.09897091722595078
0.09861297539149888
0.09870246085011186
0.098165548098434
0.0985234899328859
0.09879194630872483
0.09932885906040269
0.10049217002237136
0.10111856823266219
0.10210290827740492
0.10228187919463087
0.10263982102908277
0.10308724832214765
0.10389261744966442
0.1032662192393736
0.10335570469798658
0.10335570469798658
0.1032662192393736
0.10299776286353468
0.10281879194630872
0.10201342281879194
0.10210290827740492
0.10308724832214765
0.10272930648769575
0.10210290827740492
0.1029082774049217
0.10371364653243847
0.10478747203579418
0.10532438478747204
0.1029082774049217
0.1029082774049217
0.1025503355704698
0.10263982102908277
0.10219239373601789
0.10219239373601789
0.10219239373601789
0.10138702460850112
0.1004026845637584
0.10013422818791946
0.10004474272930648
0.09968680089485459
0.09977628635346757
0.09950782997762864
0.09986577181208053
0.09932885906040269
0.09914988814317674
0.09870246085011186
0.0985234899328859
0.09807606263982104
0.09736017897091723
0.0978076062639821
0.09807606263982104
0.09825503355704698
0.09834451901565995
0.09807606263982104
0.09870246085011186
0.09897091722595078
0.09888143176733781
0.09888143176733781
0.09906040268456376
0.09914988814317674
0.09950782997762864
0.09986577181208053
0.09995525727069351
0.10085011185682327
0.10093959731543624
0.10031319910514541
0.10022371364653244
0.1004026845637584
0.10013422818791946
0.10067114093959731
0.10067114093959731
0.1014765100671141
0.10165548098434005
0.10192393736017898
0.1029082774049217
0.1032662192393736
0.1032662192393736
0.10389261744966442
0.10451901565995526
0.10496644295302013
0.10523489932885906
0.105413870246085
0.10532438478747204
0.10550335570469799
0.10469798657718121
0.10317673378076063
0.10246085011185682
0.10165548098434005
0.101834451901566
0.10201342281879194
0.10102908277404922
0.10138702460850112
0.10138702460850112
0.10129753914988815
0.10129753914988815
0.10093959731543624
0.10004474272930648
0.1004026845637584
0.10085011185682327
0.10049217002237136
0.10093959731543624
0.10102908277404922
0.10022371364653244
0.10085011185682327
0.10058165548098434
0.10085011185682327
0.10085011185682327
0.10111856823266219
0.10156599552572707
0.10129753914988815
0.10174496644295301
0.10246085011185682
0.10219239373601789
0.10228187919463087
0.1032662192393736
0.10380313199105146
0.10380313199105146
0.1043400447427293
0.10442953020134228
0.10425055928411633
0.1039821029082774
0.10460850111856823
0.10407158836689039
0.10416107382550335
0.10425055928411633
0.1039821029082774
0.10335570469798658
0.10308724832214765
0.1032662192393736
0.10281879194630872
0.10299776286353468
0.10272930648769575
0.10281879194630872
0.10317673378076063
0.10246085011185682
0.10272930648769575
0.10281879194630872
0.10210290827740492
0.1029082774049217
0.10308724832214765
0.10317673378076063
0.1039821029082774
0.10389261744966442
0.10362416107382551
0.10353467561521253
0.10335570469798658
0.10380313199105146
0.10425055928411633
0.10407158836689039
0.10442953020134228
0.10442953020134228
0.10469798657718121
0.10460850111856823
0.10416107382550335
0.10308724832214765
0.10263982102908277
0.10120805369127517
0.10120805369127517
0.10120805369127517
0.10085011185682327
0.10093959731543624
0.10093959731543624
0.101834451901566
0.10246085011185682
0.10353467561521253
0.10425055928411633
0.10451901565995526
0.10487695749440716
0.10496644295302013
0.10478747203579418
0.10532438478747204
0.10550335570469799
0.10586129753914988
0.10577181208053692
0.10595078299776287
0.10595078299776287
0.10604026845637583
0.10595078299776287
0.10586129753914988
0.10442953020134228
0.10451901565995526
0.10478747203579418
0.10469798657718121
0.10523489932885906
0.10559284116331097
0.105413870246085
0.105413870246085
0.10559284116331097
0.10487695749440716
0.10460850111856823
0.10460850111856823
0.10442953020134228
0.10478747203579418
0.10559284116331097
0.10496644295302013
0.10496644295302013
0.10550335570469799
0.10532438478747204
0.10577181208053692
0.10559284116331097
0.10595078299776287
0.10568232662192394
0.10675615212527964
0.10747203579418345
0.1080089485458613
0.10854586129753915
0.109082774049217
0.10881431767337807
0.10935123042505593
0.10935123042505593
0.10881431767337807
0.10863534675615212
0.10961968680089486
0.1076510067114094
0.10711409395973154
0.10630872483221476
0.10639821029082774
0.10595078299776287
0.10568232662192394
0.10523489932885906
0.10568232662192394
0.10451901565995526
0.10478747203579418
0.10389261744966442
0.10317673378076063
0.10308724832214765
0.10174496644295301
0.10165548098434005
0.10228187919463087
0.10228187919463087
0.10138702460850112
0.10165548098434005
0.10165548098434005
0.10129753914988815
0.10067114093959731
0.09995525727069351
0.10102908277404922
0.10111856823266219
0.10067114093959731
0.10111856823266219
0.10058165548098434
0.10022371364653244
0.10031319910514541
0.10031319910514541
0.10004474272930648
0.10022371364653244
0.10004474272930648
0.10004474272930648
0.09968680089485459
0.0995973154362416
0.10058165548098434
0.10076062639821029
0.1004026845637584
0.10031319910514541
0.10076062639821029
0.10004474272930648
0.10067114093959731
0.10093959731543624
0.10156599552572707
0.1014765100671141
0.10156599552572707
0.10210290827740492
0.10237136465324385
0.1014765100671141
0.10138702460850112
0.10165548098434005
0.10210290827740492
0.10156599552572707
0.101834451901566
0.10165548098434005
0.10192393736017898
0.10129753914988815
0.10085011185682327
0.10076062639821029
0.10058165548098434
0.10031319910514541
0.10031319910514541
0.10022371364653244
0.09986577181208053
0.09914988814317674
0.09906040268456376
0.09923937360178971
0.098165548098434
0.09700223713646533
0.0970917225950783
0.09682326621923937
0.09691275167785235
0.09655480984340045
0.0967337807606264
0.09664429530201342
0.0970917225950783
0.09691275167785235
0.09646532438478747
0.0967337807606264
0.0967337807606264
0.09646532438478747
0.09655480984340045
0.09619686800894854
0.09628635346756152
0.09718120805369128
0.09736017897091723
0.09798657718120805
0.0978076062639821
0.09789709172259507
0.098165548098434
0.09825503355704698
0.09861297539149888
0.09888143176733781
0.09941834451901566
0.1004026845637584
0.10031319910514541
0.10076062639821029
0.10111856823266219
0.10129753914988815
0.10165548098434005
0.1025503355704698
0.10219239373601789
0.1025503355704698
0.10210290827740492
0.10102908277404922
0.10067114093959731
0.09914988814317674
0.09798657718120805
0.09727069351230425
0.09700223713646533
0.09691275167785235
0.0967337807606264
0.09700223713646533
0.09789709172259507
0.0995973154362416
0.09986577181208053
0.09941834451901566
0.09906040268456376
0.09906040268456376
0.09888143176733781
0.09932885906040269
0.09879194630872483
0.09923937360178971
0.09950782997762864
0.09950782997762864
0.0995973154362416
0.09995525727069351
0.09968680089485459
0.09941834451901566
0.09906040268456376
0.09941834451901566
0.09995525727069351
0.10049217002237136
0.10013422818791946
0.10013422818791946
0.09986577181208053
0.10031319910514541
0.10076062639821029
0.10120805369127517
0.10102908277404922
0.10129753914988815
0.10076062639821029
0.10129753914988815
0.1014765100671141
0.10174496644295301
0.10246085011185682
0.10219239373601789
0.10272930648769575
0.10272930648769575
0.10246085011185682
0.10192393736017898
0.10156599552572707
0.10165548098434005
0.10138702460850112
0.101834451901566
0.10210290827740492
0.1029082774049217
0.10335570469798658
0.1032662192393736
0.10272930648769575
0.10281879194630872
0.1032662192393736
0.10272930648769575
0.10308724832214765
0.1032662192393736
0.10389261744966442
0.10604026845637583
0.10550335570469799
0.105413870246085
0.10442953020134228
0.10550335570469799
0.10639821029082774
0.1072930648769575
0.10747203579418345
0.10782997762863535
0.10809843400447428
0.10854586129753915
0.10854586129753915
0.10818791946308724
0.10774049217002236
0.10818791946308724
0.10702460850111857
0.10791946308724833
0.10738255033557047
0.10738255033557047
0.10675615212527964
0.10693512304250559
0.10657718120805369
0.10604026845637583
0.10389261744966442
0.1032662192393736
0.10308724832214765
0.10263982102908277
0.10201342281879194
0.10219239373601789
0.10165548098434005
0.10165548098434005
0.10067114093959731
0.10031319910514541
0.09977628635346757
0.09923937360178971
0.09888143176733781
0.09888143176733781
0.0978076062639821
0.09682326621923937
0.09646532438478747
0.09601789709172259
0.09601789709172259
0.09610738255033557
0.09691275167785235
0.09646532438478747
0.09619686800894854
0.09592841163310963
0.0963758389261745
0.0963758389261745
0.0974496644295302
0.0974496644295302
0.098165548098434
0.09870246085011186
0.09932885906040269
0.09950782997762864
0.09995525727069351
0.10022371364653244
0.10067114093959731
0.10129753914988815
0.10201342281879194
0.10174496644295301
0.1014765100671141
0.10210290827740492
0.10201342281879194
0.1014765100671141
0.10031319910514541
0.10058165548098434
0.10120805369127517
0.10138702460850112
0.10156599552572707
0.10156599552572707
0.10210290827740492
0.10219239373601789
0.10219239373601789
0.10192393736017898
0.10067114093959731
0.10076062639821029
0.10111856823266219
0.10138702460850112
0.10156599552572707
0.10201342281879194
0.10246085011185682
0.1029082774049217
0.10228187919463087
0.10272930648769575
0.1029082774049217
0.10299776286353468
0.10317673378076063
0.10389261744966442
0.10380313199105146
0.10344519015659956
0.10380313199105146
0.10308724832214765
0.1032662192393736
0.10308724832214765
0.10335570469798658
0.10335570469798658
0.1032662192393736
0.1029082774049217
0.10407158836689039
0.10451901565995526
0.10505592841163311
0.10416107382550335
0.10425055928411633
0.10425055928411633
0.10469798657718121
0.10442953020134228
0.10442953020134228
0.10425055928411633
0.1043400447427293
0.10478747203579418
0.10532438478747204
0.10496644295302013
0.10460850111856823
0.10460850111856823
0.10416107382550335
0.10362416107382551
0.10380313199105146
0.1043400447427293
0.10478747203579418
0.10460850111856823
0.10460850111856823
0.10451901565995526
0.10595078299776287
0.10630872483221476
0.10657718120805369
0.10639821029082774
0.10648769574944071
0.10684563758389262
0.10720357941834452
0.10612975391498881
0.10595078299776287
0.10577181208053692
0.10559284116331097
0.10478747203579418
0.10442953020134228
0.1043400447427293
0.10407158836689039
0.10335570469798658
0.10317673378076063
0.1032662192393736
0.10237136465324385
0.10308724832214765
0.10317673378076063
0.10317673378076063
0.1029082774049217
0.10246085011185682
0.10308724832214765
0.1039821029082774
0.10353467561521253
0.10362416107382551
0.10335570469798658
0.10299776286353468
0.10308724832214765
0.10308724832214765
0.10317673378076063
0.1029082774049217
0.10299776286353468
0.10246085011185682
0.10237136465324385
0.10237136465324385
0.10210290827740492
0.10263982102908277
0.10263982102908277
0.10246085011185682
0.101834451901566
0.1025503355704698
0.10308724832214765
0.10335570469798658
0.10317673378076063
0.10263982102908277
0.1032662192393736
0.1032662192393736
0.10353467561521253
0.10353467561521253
0.10120805369127517
0.10120805369127517
0.10129753914988815
0.10102908277404922
0.10076062639821029
0.1004026845637584
0.10076062639821029
0.10093959731543624
0.1014765100671141
0.10102908277404922
0.10120805369127517
0.10102908277404922
0.1014765100671141
0.10156599552572707
0.10111856823266219
0.10067114093959731
0.10076062639821029
0.10156599552572707
0.10120805369127517
0.10085011185682327
0.10129753914988815
0.10111856823266219
0.10120805369127517
0.1004026845637584
0.09950782997762864
0.09932885906040269
0.09914988814317674
0.09843400447427293
0.09789709172259507
0.09798657718120805
0.0978076062639821
0.09736017897091723
0.09718120805369128
0.09727069351230425
0.09727069351230425
0.09718120805369128
0.0967337807606264
0.0967337807606264
0.09655480984340045
0.09610738255033557
0.09601789709172259
0.09655480984340045
0.0970917225950783
0.09700223713646533
0.09762863534675616
0.09861297539149888
0.09736017897091723
0.09718120805369128
0.09753914988814318
0.09789709172259507
0.098165548098434
0.09807606263982104
0.09762863534675616
0.09834451901565995
0.098165548098434
0.09879194630872483
0.09879194630872483
0.09897091722595078
0.09897091722595078
0.09950782997762864
0.09906040268456376
0.09923937360178971
0.1014765100671141
0.10210290827740492
0.1025503355704698
0.1025503355704698
0.10210290827740492
0.10246085011185682
0.10219239373601789
0.10192393736017898
0.10246085011185682
0.10219239373601789
0.10156599552572707
0.10120805369127517
0.10129753914988815
0.10174496644295301
0.10076062639821029
0.10058165548098434
0.10013422818791946
0.1004026845637584
0.10076062639821029
0.10093959731543624
0.10129753914988815
0.10129753914988815
0.10085011185682327
0.10013422818791946
0.10004474272930648
0.09932885906040269
0.09941834451901566
0.10013422818791946
0.10058165548098434
0.10058165548098434
0.10076062639821029
0.10165548098434005
0.10067114093959731
0.1004026845637584
0.10102908277404922
0.10129753914988815
0.10138702460850112
0.10102908277404922
0.10085011185682327
0.10129753914988815
0.10129753914988815
0.10165548098434005
0.10237136465324385
0.10228187919463087
0.10228187919463087
0.10156599552572707
0.10058165548098434
0.10093959731543624
0.10102908277404922
0.10085011185682327
0.10111856823266219
0.10129753914988815
0.10058165548098434
0.1004026845637584
0.1004026845637584
0.10085011185682327
0.10102908277404922
0.10058165548098434
0.09995525727069351
0.09968680089485459
0.10022371364653244
0.10058165548098434
0.10022371364653244
0.10004474272930648
0.09923937360178971
0.09843400447427293
0.09834451901565995
0.09950782997762864
0.10013422818791946
0.10013422818791946
0.09977628635346757
0.1004026845637584
0.10067114093959731
0.09977628635346757
0.10031319910514541
0.10049217002237136
0.10004474272930648
0.09977628635346757
0.09995525727069351
0.09914988814317674
0.09879194630872483
0.09843400447427293
0.09861297539149888
0.09906040268456376
0.09941834451901566
0.10013422818791946
0.09950782997762864
0.09995525727069351
0.10049217002237136
0.10067114093959731
0.10058165548098434
0.10093959731543624
0.10111856823266219
0.10156599552572707
0.10165548098434005
0.10192393736017898
0.1025503355704698
0.10246085011185682
0.1029082774049217
0.10263982102908277
0.10308724832214765
0.10308724832214765
0.1032662192393736
0.10299776286353468
0.10246085011185682
0.1014765100671141
0.1014765100671141
0.101834451901566
0.10228187919463087
0.10192393736017898
0.10299776286353468
0.10335570469798658
0.10317673378076063
0.10389261744966442
0.10425055928411633
0.10523489932885906
0.10550335570469799
0.10586129753914988
0.10577181208053692
0.105413870246085
0.10487695749440716
0.10496644295302013
0.10496644295302013
0.10460850111856823
0.10505592841163311
0.10568232662192394
0.10559284116331097
0.10568232662192394
0.10630872483221476
0.10648769574944071
0.10612975391498881
0.1062192393736018
0.10604026845637583
0.10648769574944071
0.10595078299776287
0.10612975391498881
0.10604026845637583
0.10577181208053692
0.10675615212527964
0.10648769574944071
0.10675615212527964
0.10586129753914988
0.10559284116331097
0.10559284116331097
0.10577181208053692
0.10550335570469799
0.10532438478747204
0.10532438478747204
0.10568232662192394
0.10568232662192394
0.10595078299776287
0.105413870246085
0.105413870246085
0.10514541387024609
0.10523489932885906
0.10550335570469799
0.10639821029082774
0.10639821029082774
0.1062192393736018
0.10639821029082774
0.10639821029082774
0.10648769574944071
0.10666666666666667
0.10738255033557047
0.10747203579418345
0.1072930648769575
0.10711409395973154
0.10738255033557047
0.1076510067114094
0.1076510067114094
0.10845637583892617
0.10926174496644295
0.10890380313199105
0.10881431767337807
0.1083668903803132
0.10845637583892617
0.10827740492170022
0.10756152125279642
0.1087248322147651
0.10756152125279642
0.10791946308724833
0.10809843400447428
0.10818791946308724
0.1080089485458613
0.10818791946308724
0.10747203579418345
0.10756152125279642
0.10782997762863535
0.10809843400447428
0.10720357941834452
0.1076510067114094
0.10756152125279642
0.10720357941834452
0.10666666666666667
0.10657718120805369
0.1062192393736018
0.10612975391498881
0.10612975391498881
0.10648769574944071
0.10639821029082774
0.10702460850111857
0.10738255033557047
0.10782997762863535
0.10711409395973154
0.10720357941834452
0.10774049217002236
0.10684563758389262
0.10639821029082774
0.10559284116331097
0.10612975391498881
0.10577181208053692
0.10630872483221476
0.10666666666666667
0.10711409395973154
0.1072930648769575
0.10666666666666667
0.10675615212527964
0.10648769574944071
0.10702460850111857
0.10720357941834452
0.10738255033557047
0.10738255033557047
0.10756152125279642
0.10720357941834452
0.10612975391498881
0.10586129753914988
0.10595078299776287
0.10550335570469799
0.10604026845637583
0.10550335570469799
0.10550335570469799
0.10604026845637583
0.1062192393736018
0.10612975391498881
0.1062192393736018
0.105413870246085
0.10523489932885906
0.10559284116331097
0.10550335570469799
0.10604026845637583
0.10595078299776287
0.10586129753914988
0.10523489932885906
0.10559284116331097
0.10532438478747204
0.10523489932885906
0.10505592841163311
0.10442953020134228
0.10451901565995526
0.10496644295302013
0.10496644295302013
0.10451901565995526
0.10425055928411633
0.10425055928411633
0.10344519015659956
0.1029082774049217
0.10353467561521253
0.1032662192393736
0.10299776286353468
0.10272930648769575
0.10281879194630872
0.1025503355704698
0.10237136465324385
0.10272930648769575
0.10272930648769575
0.10308724832214765
0.10246085011185682
0.10237136465324385
0.1029082774049217
0.10317673378076063
0.1032662192393736
0.10272930648769575
0.1029082774049217
0.10317673378076063
0.10317673378076063
0.10371364653243847
0.10335570469798658
0.10299776286353468
0.10281879194630872
0.10308724832214765
0.1029082774049217
0.10272930648769575
0.10201342281879194
0.10201342281879194
0.10120805369127517
0.10076062639821029
0.09995525727069351
0.10013422818791946
0.10004474272930648
0.09932885906040269
0.09968680089485459
0.09932885906040269
0.09932885906040269
0.09923937360178971
0.09986577181208053
0.09977628635346757
0.0995973154362416
0.09888143176733781
0.09923937360178971
0.09897091722595078
0.09906040268456376
0.09861297539149888
0.09932885906040269
0.09932885906040269
0.09977628635346757
0.1004026845637584
0.10058165548098434
0.10165548098434005
0.10129753914988815
0.10192393736017898
0.10281879194630872
0.10407158836689039
0.10451901565995526
0.10612975391498881
0.10595078299776287
0.10657718120805369
0.10666666666666667
0.10702460850111857
0.10774049217002236
0.10711409395973154
0.10711409395973154
0.10684563758389262
0.10648769574944071
0.10684563758389262
0.10604026845637583
0.10523489932885906
0.10505592841163311
0.10505592841163311
0.10460850111856823
0.1043400447427293
0.10425055928411633
0.10442953020134228
0.10407158836689039
0.10335570469798658
0.10389261744966442
0.1032662192393736
0.10299776286353468
0.1025503355704698
0.10219239373601789
0.10246085011185682
0.10317673378076063
0.10308724832214765
0.10317673378076063
0.1025503355704698
0.10263982102908277
0.10219239373601789
0.10138702460850112
0.10174496644295301
0.10111856823266219
0.10093959731543624
0.101834451901566
0.10210290827740492
0.10201342281879194
0.10004474272930648
0.09986577181208053
0.09923937360178971
0.09888143176733781
0.09879194630872483
0.09843400447427293
0.098165548098434
0.09789709172259507
0.0978076062639821
0.09762863534675616
0.09727069351230425
0.09691275167785235
0.09664429530201342
0.09619686800894854
0.09619686800894854
0.09601789709172259
0.0956599552572707
0.09539149888143177
0.09485458612975392
0.09378076062639822
0.09440715883668904
0.09431767337807606
0.09467561521252796
0.09512304250559284
0.09512304250559284
0.0953020134228188
0.09548098434004475
0.09557046979865771
0.09592841163310963
0.09592841163310963
0.09601789709172259
0.09592841163310963
0.09574944071588366
0.09592841163310963
0.09610738255033557
0.09583892617449664
0.0956599552572707
0.09592841163310963
0.09619686800894854
0.09682326621923937
0.09736017897091723
0.09834451901565995
0.09861297539149888
0.09798657718120805
0.09807606263982104
0.09888143176733781
0.09914988814317674
0.09932885906040269
0.09995525727069351
0.10049217002237136
0.10085011185682327
0.1004026845637584
0.10067114093959731
0.1004026845637584
0.10067114093959731
0.10120805369127517
0.10111856823266219
0.10165548098434005
0.1014765100671141
0.10228187919463087
0.1025503355704698
0.1029082774049217
0.1032662192393736
0.10380313199105146
0.10460850111856823
0.10478747203579418
0.10550335570469799
0.10577181208053692
0.10630872483221476
0.1062192393736018
0.10675615212527964
0.10711409395973154
0.1072930648769575
0.10827740492170022
0.1080089485458613
0.10791946308724833
0.10818791946308724
0.10818791946308724
0.1080089485458613
0.10827740492170022
0.10782997762863535
0.10782997762863535
0.1080089485458613
0.10845637583892617
0.109082774049217
0.10827740492170022
0.10818791946308724
0.10899328859060403
0.109082774049217
0.10944071588366891
0.10881431767337807
0.10890380313199105
0.1080089485458613
0.1072930648769575
0.10693512304250559
0.10675615212527964
0.10648769574944071
0.10604026845637583
0.10612975391498881
0.10577181208053692
0.10568232662192394
0.10514541387024609
0.1043400447427293
0.10371364653243847
0.10425055928411633
0.10317673378076063
0.10380313199105146
0.10380313199105146
0.10371364653243847
0.10371364653243847
0.10532438478747204
0.10568232662192394
0.10639821029082774
0.10702460850111857
0.10675615212527964
0.10738255033557047
0.10774049217002236
0.10791946308724833
0.10818791946308724
0.1087248322147651
0.10881431767337807
0.10809843400447428
0.10845637583892617
0.10818791946308724
0.10782997762863535
0.1076510067114094
0.10756152125279642
0.10890380313199105
0.10881431767337807
0.10899328859060403
0.10854586129753915
0.10818791946308724
0.10845637583892617
0.10845637583892617
0.10899328859060403
0.10944071588366891
0.10970917225950783
0.10961968680089486
0.109082774049217
0.10926174496644295
0.10970917225950783
0.10961968680089486
0.10917225950782998
0.10935123042505593
0.10899328859060403
0.10970917225950783
0.10988814317673377
0.10997762863534676
0.1097986577181208
0.11024608501118568
0.11042505592841163
0.11033557046979865
0.11078299776286353
0.11167785234899329
0.11140939597315436
0.11131991051454139
0.11069351230425056
0.11042505592841163
0.11042505592841163
0.11078299776286353
0.11078299776286353
0.11051454138702461
0.11060402684563758
0.10997762863534676
0.1101565995525727
0.109082774049217
0.109082774049217
0.10926174496644295
0.1101565995525727
0.10961968680089486
0.10988814317673377
0.10970917225950783
0.10944071588366891
0.10953020134228188
0.10997762863534676
0.11051454138702461
0.11042505592841163
0.11033557046979865
0.11069351230425056
0.11069351230425056
0.11042505592841163
0.11024608501118568
0.11024608501118568
0.11024608501118568
0.1097986577181208
0.10988814317673377
0.10961968680089486
0.10953020134228188
0.1087248322147651
0.1087248322147651
0.10899328859060403
0.10791946308724833
0.10756152125279642
0.10702460850111857
0.10666666666666667
0.10684563758389262
0.10693512304250559
0.10684563758389262
0.10630872483221476
0.10639821029082774
0.10604026845637583
0.10604026845637583
0.10657718120805369
0.10684563758389262
0.10675615212527964
0.10711409395973154
0.10818791946308724
0.10935123042505593
0.10970917225950783
0.10988814317673377
0.11006711409395974
0.11069351230425056
0.11105145413870246
0.11051454138702461
0.11078299776286353
0.11105145413870246
0.11158836689038032
0.11087248322147651
0.11114093959731544
0.11060402684563758
0.11096196868008948
0.1101565995525727
0.11060402684563758
0.11033557046979865
0.11078299776286353
0.10961968680089486
0.10953020134228188
0.10863534675615212
0.10899328859060403
0.10863534675615212
0.10818791946308724
0.10845637583892617
0.10845637583892617
0.10774049217002236
0.10756152125279642
0.10693512304250559
0.10639821029082774
0.10595078299776287
0.10639821029082774
0.10612975391498881
0.10586129753914988
0.10639821029082774
0.10666666666666667
0.1076510067114094
0.1083668903803132
0.1083668903803132
0.10881431767337807
0.10890380313199105
0.10881431767337807
0.10827740492170022
0.10854586129753915
0.10845637583892617
0.1080089485458613
0.10791946308724833
0.10827740492170022
0.10827740492170022
0.10782997762863535
0.1076510067114094
0.10818791946308724
0.10818791946308724
0.10782997762863535
0.10845637583892617
0.10809843400447428
0.10818791946308724
0.10854586129753915
0.10863534675615212
0.1087248322147651
0.1087248322147651
0.10863534675615212
0.109082774049217
0.10881431767337807
0.10666666666666667
0.10604026845637583
0.105413870246085
0.1043400447427293
0.1043400447427293
0.10460850111856823
0.10451901565995526
0.10460850111856823
0.10478747203579418
0.10505592841163311
0.10523489932885906
0.10568232662192394
0.10523489932885906
0.10577181208053692
0.10586129753914988
0.10559284116331097
0.10559284116331097
0.10586129753914988
0.10577181208053692
0.10630872483221476
0.10666666666666667
0.10639821029082774
0.1062192393736018
0.10604026845637583
0.10604026845637583
0.10675615212527964
0.10684563758389262
0.10702460850111857
0.10693512304250559
0.10720357941834452
0.10702460850111857
0.10604026845637583
0.10666666666666667
0.1072930648769575
0.10568232662192394
0.10514541387024609
0.10604026845637583
0.10478747203579418
0.10478747203579418
0.10523489932885906
0.105413870246085
0.10532438478747204
0.10630872483221476
0.10666666666666667
0.10630872483221476
0.10630872483221476
0.10657718120805369
0.10675615212527964
0.10702460850111857
0.10666666666666667
0.10684563758389262
0.10675615212527964
0.10756152125279642
0.10791946308724833
0.1076510067114094
0.10774049217002236
0.1087248322147651
0.10890380313199105
0.10818791946308724
0.10890380313199105
0.10890380313199105
0.10988814317673377
0.10997762863534676
0.10997762863534676
0.1101565995525727
0.11033557046979865
0.11060402684563758
0.11042505592841163
0.11087248322147651
0.11105145413870246
0.11051454138702461
0.11024608501118568
0.11033557046979865
0.1097986577181208
0.10997762863534676
0.11006711409395974
0.10970917225950783
0.10970917225950783
0.10988814317673377
0.10944071588366891
0.10997762863534676
0.11006711409395974
0.11060402684563758
0.11078299776286353
0.11096196868008948
0.11176733780760627
0.11158836689038032
0.11131991051454139
0.11087248322147651
0.11006711409395974
0.11006711409395974
0.11131991051454139
0.11123042505592841
0.11140939597315436
0.11149888143176734
0.11096196868008948
0.11131991051454139
0.11006711409395974
0.11131991051454139
0.11158836689038032
0.11123042505592841
0.11114093959731544
0.11158836689038032
0.11105145413870246
0.11194630872483222
0.11114093959731544
0.11060402684563758
0.11024608501118568
0.10944071588366891
0.109082774049217
0.1097986577181208
0.1097986577181208
0.11006711409395974
0.10988814317673377
0.1097986577181208
0.11033557046979865
0.11024608501118568
0.11024608501118568
0.11060402684563758
0.11051454138702461
0.11042505592841163
0.10944071588366891
0.10917225950782998
0.10997762863534676
0.11006711409395974
0.11024608501118568
0.11033557046979865
0.10997762863534676
0.11024608501118568
0.11033557046979865
0.11060402684563758
0.11051454138702461
0.11051454138702461
0.11033557046979865
0.1097986577181208
0.10953020134228188
0.10961968680089486
0.11024608501118568
0.11024608501118568
0.11051454138702461
0.11158836689038032
0.11194630872483222
0.11230425055928411
0.11221476510067115
0.11230425055928411
0.11203579418344518
0.11293064876957494
0.11230425055928411
0.11275167785234899
0.11293064876957494
0.11328859060402685
0.11275167785234899
0.11284116331096197
0.1123937360178971
0.11266219239373602
0.11319910514541387
0.11328859060402685
0.11337807606263982
0.11302013422818792
0.11266219239373602
0.11158836689038032
0.11185682326621924
0.11114093959731544
0.11078299776286353
0.11096196868008948
0.11114093959731544
0.11105145413870246
0.11105145413870246
0.11123042505592841
0.11051454138702461
0.11078299776286353
0.11006711409395974
0.10961968680089486
0.10997762863534676
0.1101565995525727
0.10988814317673377
0.1097986577181208
0.10988814317673377
0.10953020134228188
0.10926174496644295
0.10935123042505593
0.10881431767337807
0.1087248322147651
0.10827740492170022
0.10818791946308724
0.10747203579418345
0.1076510067114094
0.10774049217002236
0.10791946308724833
0.10747203579418345
0.10747203579418345
0.10702460850111857
0.10648769574944071
0.10612975391498881
0.10639821029082774
0.10738255033557047
0.10791946308724833
0.1080089485458613
0.10720357941834452
0.10693512304250559
0.10693512304250559
0.1062192393736018
0.10693512304250559
0.1072930648769575
0.10747203579418345
0.10747203579418345
0.10782997762863535
0.1076510067114094
0.10774049217002236
0.10720357941834452
0.10791946308724833
0.10738255033557047
0.10702460850111857
0.1072930648769575
0.10684563758389262
0.10738255033557047
0.10639821029082774
0.10648769574944071
0.10586129753914988
0.10586129753914988
0.105413870246085
0.10586129753914988
0.10604026845637583
0.1072930648769575
0.10720357941834452
0.10675615212527964
0.10693512304250559
0.10675615212527964
0.10657718120805369
0.10577181208053692
0.10612975391498881
0.10550335570469799
0.10586129753914988
0.10568232662192394
0.10595078299776287
0.10648769574944071
0.10720357941834452
0.10756152125279642
0.10827740492170022
0.10845637583892617
0.10881431767337807
0.10845637583892617
0.1087248322147651
0.10863534675615212
0.10863534675615212
0.10890380313199105
0.109082774049217
0.10926174496644295
0.10926174496644295
0.10944071588366891
0.10953020134228188
0.10917225950782998
0.11051454138702461
0.11096196868008948
0.11140939597315436
0.11176733780760627
0.11194630872483222
0.11185682326621924
0.11230425055928411
0.11176733780760627
0.11185682326621924
0.11051454138702461
0.11042505592841163
0.11033557046979865
0.1097986577181208
0.11042505592841163
0.11042505592841163
0.11060402684563758
0.11006711409395974
0.1101565995525727
0.10988814317673377
0.10997762863534676
0.11060402684563758
0.11123042505592841
0.11096196868008948
0.11114093959731544
0.11105145413870246
0.11087248322147651
0.11123042505592841
0.11185682326621924
0.11105145413870246
0.11096196868008948
0.11167785234899329
0.11158836689038032
0.11149888143176734
0.11149888143176734
0.11248322147651006
0.11203579418344518
0.11257270693512304
0.11158836689038032
0.11149888143176734
0.11248322147651006
0.11275167785234899
0.11310961968680089
0.1134675615212528
0.11337807606263982
0.11373601789709173
0.11427293064876957
0.11427293064876957
0.11472035794183445
0.11543624161073826
0.1159731543624161
0.11588366890380314
0.116331096196868
0.11642058165548098
0.11740492170022371
0.11794183445190157
0.11865771812080537
0.11847874720357941
0.1192841163310962
0.1185682326621924
0.11874720357941834
0.11901565995525727
0.11892617449664429
0.1192841163310962
0.12008948545861298
0.12
0.12026845637583893
0.12098434004474273
0.11982102908277405
0.1192841163310962
0.11865771812080537
0.11865771812080537
0.1192841163310962
0.11937360178970917
0.1192841163310962
0.11901565995525727
0.11838926174496645
0.11785234899328859
0.11767337807606264
0.116331096196868
0.11615212527964205
0.11624161073825504
0.11642058165548098
0.11588366890380314
0.11516778523489933
0.11480984340044743
0.11498881431767338
0.11480984340044743
0.11588366890380314
0.1159731543624161
0.11570469798657718
0.11588366890380314
0.11534675615212528
0.11516778523489933
0.11570469798657718
0.11615212527964205
0.11588366890380314
0.11472035794183445
0.11445190156599552
0.11480984340044743
0.11472035794183445
0.1152572706935123
0.11552572706935123
0.11588366890380314
0.11561521252796421
0.11552572706935123
0.11498881431767338
0.11436241610738256
0.11400447427293064
0.1141834451901566
0.11445190156599552
0.1141834451901566
0.11409395973154363
0.11337807606263982
0.1134675615212528
0.11310961968680089
0.11302013422818792
0.11302013422818792
0.11310961968680089
0.11319910514541387
0.11275167785234899
0.11248322147651006
0.11203579418344518
0.11185682326621924
0.1123937360178971
0.11284116331096197
0.11212527964205816
0.11230425055928411
0.11293064876957494
0.11337807606263982
0.11373601789709173
0.1141834451901566
0.11445190156599552
0.11472035794183445
0.11507829977628635
0.11472035794183445
0.11400447427293064
0.11400447427293064
0.1145413870246085
0.11498881431767338
0.11445190156599552
0.1148993288590604
0.11445190156599552
0.11427293064876957
0.11436241610738256
0.11498881431767338
0.1152572706935123
0.1152572706935123
0.11570469798657718
0.11606263982102909
0.11498881431767338
0.1145413870246085
0.11463087248322147
0.11463087248322147
0.11480984340044743
0.1141834451901566
0.11409395973154363
0.11337807606263982
0.1138255033557047
0.1145413870246085
0.11498881431767338
0.11561521252796421
0.11570469798657718
0.116331096196868
0.11624161073825504
0.11651006711409397
0.11695749440715884
0.11659955257270693
0.116331096196868
0.11659955257270693
0.11731543624161074
0.11677852348993288
0.11677852348993288
0.11615212527964205
0.11588366890380314
0.1141834451901566
0.11445190156599552
0.11427293064876957
0.11400447427293064
0.11391498881431768
0.1141834451901566
0.11409395973154363
0.11373601789709173
0.11364653243847875
0.11355704697986577
0.11364653243847875
0.11337807606263982
0.11328859060402685
0.11319910514541387
0.11257270693512304
0.1123937360178971
0.11221476510067115
0.11194630872483222
0.11230425055928411
0.11284116331096197
0.11194630872483222
0.11257270693512304
0.11275167785234899
0.11203579418344518
0.11185682326621924
0.11203579418344518
0.11194630872483222
0.11275167785234899
0.11319910514541387
0.11302013422818792
0.11275167785234899
0.11284116331096197
0.11310961968680089
0.11319910514541387
0.11248322147651006
0.1123937360178971
0.11248322147651006
0.11275167785234899
0.11257270693512304
0.11284116331096197
0.11185682326621924
0.11167785234899329
0.11105145413870246
0.11140939597315436
0.11158836689038032
0.11114093959731544
0.11167785234899329
0.11167785234899329
0.11042505592841163
0.11051454138702461
0.11051454138702461
0.11185682326621924
0.11185682326621924
0.11194630872483222
0.1123937360178971
0.11284116331096197
0.11302013422818792
0.1141834451901566
0.11445190156599552
0.1152572706935123
0.1152572706935123
0.11543624161073826
0.11552572706935123
0.11579418344519016
0.11588366890380314
0.1159731543624161
0.11695749440715884
0.11704697986577181
0.11722595078299776
0.11767337807606264
0.11794183445190157
0.11812080536912752
0.11838926174496645
0.11865771812080537
0.11937360178970917
0.12017897091722594
0.1196420581655481
0.11955257270693512
0.11901565995525727
0.11838926174496645
0.11794183445190157
0.11731543624161074
0.11740492170022371
0.1182102908277405
0.11838926174496645
0.1192841163310962
0.12026845637583893
0.12026845637583893
0.12044742729306487
0.12062639821029082
0.1207158836689038
0.1207158836689038
0.12080536912751678
0.12062639821029082
0.12062639821029082
0.12017897091722594
0.1196420581655481
0.11937360178970917
0.1192841163310962
0.1196420581655481
0.11946308724832215
0.11937360178970917
0.11982102908277405
0.11973154362416108
0.11973154362416108
0.11982102908277405
0.11991051454138703
0.1196420581655481
0.12026845637583893
0.11973154362416108
0.1192841163310962
0.11847874720357941
0.1182102908277405
0.11847874720357941
0.11874720357941834
0.11803131991051455
0.11785234899328859
0.11847874720357941
0.11704697986577181
0.11731543624161074
0.11686800894854586
0.11624161073825504
0.116331096196868
0.11651006711409397
0.11651006711409397
0.11642058165548098
0.11677852348993288
0.11713646532438479
0.11686800894854586
0.11722595078299776
0.11731543624161074
0.11749440715883669
0.11740492170022371
0.11803131991051455
0.11946308724832215
0.12026845637583893
0.1203579418344519
0.1207158836689038
0.12044742729306487
0.12062639821029082
0.12026845637583893
0.12
0.12026845637583893
0.1203579418344519
0.12008948545861298
0.1196420581655481
0.11874720357941834
0.1185682326621924
0.11892617449664429
0.1192841163310962
0.11847874720357941
0.11838926174496645
0.11785234899328859
0.11740492170022371
0.11704697986577181
0.11722595078299776
0.11812080536912752
0.11874720357941834
0.11910514541387024
0.11955257270693512
0.11910514541387024
0.11910514541387024
0.1182102908277405
0.11847874720357941
0.11874720357941834
0.11865771812080537
0.1192841163310962
0.11785234899328859
0.11749440715883669
0.11740492170022371
0.11651006711409397
0.11615212527964205
0.11624161073825504
0.11507829977628635
0.11436241610738256
0.11373601789709173
0.11373601789709173
0.11427293064876957
0.11427293064876957
0.1141834451901566
0.11445190156599552
0.1152572706935123
0.1152572706935123
0.1159731543624161
0.11570469798657718
0.11552572706935123
0.11615212527964205
0.11624161073825504
0.11659955257270693
0.11704697986577181
0.11731543624161074
0.11668903803131991
0.11615212527964205
0.11651006711409397
0.11668903803131991
0.11704697986577181
0.11704697986577181
0.11758389261744967
0.11695749440715884
0.11722595078299776
0.11767337807606264
0.11776286353467562
0.11803131991051455
0.11812080536912752
0.11812080536912752
0.11829977628635346
0.11838926174496645
0.11901565995525727
0.11910514541387024
0.11901565995525727
0.11847874720357941
0.11874720357941834
0.11865771812080537
0.1182102908277405
0.11785234899328859
0.11794183445190157
0.1182102908277405
0.11776286353467562
0.11713646532438479
0.11740492170022371
0.11695749440715884
0.11624161073825504
0.116331096196868
0.11651006711409397
0.116331096196868
0.11624161073825504
0.11651006711409397
0.11695749440715884
0.11668903803131991
0.11677852348993288
0.11659955257270693
0.11686800894854586
0.11668903803131991
0.116331096196868
0.11659955257270693
0.11659955257270693
0.11651006711409397
0.11615212527964205
0.11534675615212528
0.11507829977628635
0.11507829977628635
0.1152572706935123
0.11552572706935123
0.11534675615212528
0.11552572706935123
0.11570469798657718
0.11570469798657718
0.11606263982102909
0.11606263982102909
0.11588366890380314
0.11579418344519016
0.11651006711409397
0.11713646532438479
0.11713646532438479
0.11722595078299776
0.11758389261744967
0.11695749440715884
0.11686800894854586
0.11812080536912752
0.11794183445190157
0.11829977628635346
0.11838926174496645
0.1182102908277405
0.1185682326621924
0.11803131991051455
0.11803131991051455
0.11794183445190157
0.11785234899328859
0.11812080536912752
0.1182102908277405
0.11812080536912752
0.11794183445190157
0.11865771812080537
0.11874720357941834
0.11892617449664429
0.11892617449664429
0.11910514541387024
0.11955257270693512
0.11919463087248322
0.12017897091722594
0.12062639821029082
0.1203579418344519
0.12044742729306487
0.1207158836689038
0.1207158836689038
0.12062639821029082
0.12089485458612975
0.1210738255033557
0.12232662192393735
0.12259507829977628
0.12313199105145414
0.12348993288590604
0.12340044742729306
0.12304250559284116
0.12322147651006711
0.12116331096196868
0.12134228187919463
0.12143176733780761
0.12116331096196868
0.12152125279642058
0.1210738255033557
0.12098434004474273
0.1210738255033557
0.12187919463087249
0.1221476510067114
0.12232662192393735
0.12223713646532439
0.12250559284116332
0.1221476510067114
0.12250559284116332
0.12304250559284116
0.12348993288590604
0.12348993288590604
0.12384787472035794
0.12474272930648769
0.1243847874720358
0.12465324384787473
0.1250111856823266
0.1250111856823266
0.1251006711409396
0.12527964205816555
0.12554809843400447
0.12608501118568233
0.12644295302013422
0.1268903803131991
0.12778523489932886
0.12805369127516777
0.12751677852348994
0.12733780760626398
0.127248322147651
0.12742729306487696
0.12778523489932886
0.12769574944071588
0.12796420581655482
0.12814317673378076
0.12787472035794184
0.12805369127516777
0.12814317673378076
0.1284116331096197
0.12832214765100672
0.12814317673378076
0.127248322147651
0.12635346756152124
0.12680089485458612
0.12635346756152124
0.1265324384787472
0.12671140939597317
0.12697986577181208
0.12671140939597317
0.12635346756152124
0.12599552572706935
0.12599552572706935
0.12527964205816555
0.12536912751677853
0.12519015659955257
0.12519015659955257
0.12554809843400447
0.12599552572706935
0.1261744966442953
0.1265324384787472
0.12680089485458612
0.12697986577181208
0.12787472035794184
0.12733780760626398
0.12733780760626398
0.12778523489932886
0.12769574944071588
0.12697986577181208
0.12733780760626398
0.12787472035794184
0.12796420581655482
0.12805369127516777
0.12769574944071588
0.12706935123042506
0.127248322147651
0.12697986577181208
0.12787472035794184
0.12894854586129753
0.12957494407158837
0.12769574944071588
0.12823266219239374
0.12868008948545862
0.12885906040268458
0.12859060402684563
0.12921700223713647
0.12930648769574943
0.13020134228187918
0.13002237136465325
0.13029082774049217
0.13073825503355704
0.13109619686800894
0.13038031319910515
0.13100671140939596
0.13172259507829978
0.13208053691275168
0.13306487695749442
0.13440715883668905
0.13440715883668905
0.134496644295302
0.13440715883668905
0.1342281879194631
0.13431767337807607
0.1335123042505593
0.1334228187919463
0.13324384787472035
0.13252796420581656
0.13243847874720358
0.13306487695749442
0.13190156599552572
0.13172259507829978
0.13145413870246084
0.13073825503355704
0.13038031319910515
0.12993288590604027
0.1298434004474273
0.12930648769574943
0.1291275167785235
0.1294854586129754
0.12966442953020135
0.12966442953020135
0.1297539149888143
0.1297539149888143
0.1294854586129754
0.13029082774049217
0.13064876957494406
0.13029082774049217
0.1298434004474273
0.13029082774049217
0.13073825503355704
0.130917225950783
0.13100671140939596
0.13100671140939596
0.13064876957494406
0.13020134228187918
0.13011185682326623
0.1305592841163311
0.13064876957494406
0.1312751677852349
0.13172259507829978
0.13172259507829978
0.1323489932885906
0.13252796420581656
0.13261744966442954
0.13243847874720358
0.1319910514541387
0.13217002237136466
0.1323489932885906
0.13208053691275168
0.1312751677852349
0.1305592841163311
0.13118568232662192
0.13118568232662192
0.13029082774049217
0.12885906040268458
0.12751677852348994
0.12715883668903802
0.12697986577181208
0.1266219239373602
0.12563758389261745
0.12563758389261745
0.12572706935123043
0.12572706935123043
0.1262639821029083
0.12635346756152124
0.12671140939597317
0.12697986577181208
0.12778523489932886
0.12769574944071588
0.127248322147651
0.12697986577181208
0.1266219239373602
0.12671140939597317
0.12733780760626398
0.12778523489932886
0.12805369127516777
0.12769574944071588
0.12778523489932886
0.127248322147651
0.12796420581655482
0.12823266219239374
0.12787472035794184
0.12814317673378076
0.12787472035794184
0.12778523489932886
0.12778523489932886
0.12814317673378076
0.1284116331096197
0.1297539149888143
0.1298434004474273
0.13082774049217002
0.12930648769574943
0.1297539149888143
0.13073825503355704
0.13136465324384788
0.13190156599552572
0.13288590604026845
0.13243847874720358
0.13217002237136466
0.13306487695749442
0.1341387024608501
0.13485458612975393
0.13530201342281878
0.13521252796420583
0.1374496644295302
0.1385234899328859
0.13977628635346756
0.13995525727069352
0.14031319910514542
0.14013422818791946
0.13932885906040268
0.13932885906040268
0.13941834451901566
0.13977628635346756
0.13986577181208054
0.1404026845637584
0.14031319910514542
0.14022371364653244
0.1404026845637584
0.13995525727069352
0.1395973154362416
0.13950782997762864
0.13906040268456377
0.1388814317673378
0.138165548098434
0.13789709172259507
0.13762863534675615
0.13700223713646534
0.1367337807606264
0.13771812080536913
0.13807606263982103
0.13771812080536913
0.13762863534675615
0.138165548098434
0.13843400447427293
0.138255033557047
0.13798657718120805
0.13762863534675615
0.13628635346756152
0.13619686800894854
0.13718120805369127
0.13753914988814317
0.13771812080536913
0.13807606263982103
0.13727069351230425
0.13771812080536913
0.13753914988814317
0.1367337807606264
0.13646532438478748
0.13592841163310962
0.13592841163310962
0.13574944071588366
0.13682326621923938
0.13655480984340046
0.1366442953020134
0.13583892617449664
0.13548098434004474
0.13557046979865772
0.13592841163310962
0.13583892617449664
0.1360178970917226
0.13503355704697986
0.13458612975391498
0.13539149888143176
0.1356599552572707
0.1360178970917226
0.1360178970917226
0.13610738255033558
0.13655480984340046
0.13727069351230425
0.13879194630872482
0.13950782997762864
0.13968680089485458
0.1385234899328859
0.13753914988814317
0.13762863534675615
0.13736017897091723
0.13762863534675615
0.13736017897091723
0.1378076062639821
0.13807606263982103
0.1385234899328859
0.138165548098434
0.13762863534675615
0.13834451901565994
0.13834451901565994
0.13834451901565994
0.13906040268456377
0.13932885906040268
0.13968680089485458
0.14004474272930648
0.1407606263982103
0.14085011185682328
0.14156599552572707
0.14192393736017897
0.141834451901566
0.14272930648769575
0.14380313199105146
0.1451454138702461
0.14604026845637583
0.14693512304250558
0.1476510067114094
0.14559284116331095
0.14568232662192393
0.14407158836689038
0.14407158836689038
0.14460850111856824
0.1443400447427293
0.14416107382550336
0.14523489932885905
0.1457718120805369
0.14693512304250558
0.14738255033557046
0.14818791946308724
0.14782997762863534
0.14827740492170022
0.1480089485458613
0.1476510067114094
0.14747203579418344
0.14738255033557046
0.14720357941834453
0.14693512304250558
0.14675615212527965
0.1457718120805369
0.14532438478747203
0.14532438478747203
0.14451901565995526
0.14416107382550336
0.14407158836689038
0.14389261744966442
0.14371364653243848
0.14335570469798659
0.14308724832214764
0.14281879194630873
0.1425503355704698
0.14210290827740493
0.14210290827740493
0.14219239373601789
0.14281879194630873
0.1425503355704698
0.1425503355704698
0.14219239373601789
0.14237136465324385
0.14192393736017897
0.1413870246085011
0.14156599552572707
0.14165548098434005
0.14210290827740493
0.1414765100671141
0.141834451901566
0.141834451901566
0.141834451901566
0.14192393736017897
0.14219239373601789
0.141834451901566
0.141744966442953
0.14228187919463087
0.14219239373601789
0.14228187919463087
0.14210290827740493
0.14237136465324385
0.141744966442953
0.14031319910514542
0.13995525727069352
0.13986577181208054
0.13995525727069352
0.14031319910514542
0.14049217002237135
0.13995525727069352
0.1407606263982103
0.14129753914988813
0.14058165548098434
0.1410290827740492
0.1404026845637584
0.14165548098434005
0.1425503355704698
0.14353467561521252
0.14478747203579417
0.1458612975391499
0.14666666666666667
0.14711409395973155
0.14747203579418344
0.14711409395973155
0.14666666666666667
0.14720357941834453
0.14702460850111856
0.14738255033557046
0.14720357941834453
0.1480089485458613
0.1483668903803132
0.14809843400447428
0.14774049217002236
0.14711409395973155
0.14711409395973155
0.14604026845637583
0.14630872483221477
0.1464876957494407
0.14604026845637583
0.1458612975391499
0.1461297539149888
0.1461297539149888
0.1464876957494407
0.145503355704698
0.14541387024608501
0.14505592841163312
0.1451454138702461
0.14469798657718122
0.14568232662192393
0.14496644295302014
0.14469798657718122
0.1443400447427293
0.14407158836689038
0.14380313199105146
0.1432662192393736
0.14451901565995526
0.14604026845637583
0.14568232662192393
0.14541387024608501
0.14505592841163312
0.14532438478747203
0.14532438478747203
0.14460850111856824
0.14380313199105146
0.14451901565995526
0.14335570469798659
0.14335570469798659
0.14246085011185683
0.14237136465324385
0.14246085011185683
0.14201342281879195
0.14192393736017897
0.141834451901566
0.14246085011185683
0.1429082774049217
0.14246085011185683
0.14156599552572707
0.14210290827740493
0.14022371364653244
0.14013422818791946
0.14004474272930648
0.14085011185682328
0.14031319910514542
0.14058165548098434
0.1410290827740492
0.14192393736017897
0.14210290827740493
0.14219239373601789
0.1425503355704698
0.14201342281879195
0.1414765100671141
0.1410290827740492
0.1410290827740492
0.141834451901566
0.14201342281879195
0.141744966442953
0.14201342281879195
0.14210290827740493
0.141834451901566
0.14192393736017897
0.14246085011185683
0.14192393736017897
0.141834451901566
0.14228187919463087
0.14165548098434005
0.14192393736017897
0.14210290827740493
0.14210290827740493
0.1411185682326622
0.14165548098434005
0.1407606263982103
0.14120805369127518
0.14156599552572707
0.14129753914988813
0.14156599552572707
0.14263982102908276
0.14335570469798659
0.14389261744966442
0.14425055928411634
0.1451454138702461
0.1451454138702461
0.14532438478747203
0.14532438478747203
0.145503355704698
0.1462192393736018
0.14711409395973155
0.14854586129753916
0.14917225950782997
0.14881431767337808
0.14827740492170022
0.14917225950782997
0.14890380313199106
0.14926174496644296
0.14917225950782997
0.1483668903803132
0.14890380313199106
0.1472930648769575
0.14684563758389263
0.14541387024608501
0.14478747203579417
0.14532438478747203
0.14568232662192393
0.1458612975391499
0.1464876957494407
0.14684563758389263
0.14738255033557046
0.14738255033557046
0.1476510067114094
0.14774049217002236
0.14863534675615211
0.14926174496644296
0.14854586129753916
0.14881431767337808
0.14890380313199106
0.15006711409395973
0.1501565995525727
0.1505145413870246
0.15078299776286352
0.15078299776286352
0.14979865771812081
0.14970917225950783
0.14899328859060404
0.1487248322147651
0.14899328859060404
0.15078299776286352
0.14961968680089485
0.14997762863534675
0.14997762863534675
0.14979865771812081
0.14944071588366892
0.14935123042505594
0.14917225950782997
0.14979865771812081
0.15006711409395973
0.14944071588366892
0.14899328859060404
0.14863534675615211
0.14899328859060404
0.14953020134228187
0.15006711409395973
0.15105145413870247
0.15105145413870247
0.15114093959731545
0.1506040268456376
0.15131991051454138
0.1523937360178971
0.152751677852349
0.15302013422818792
0.15248322147651006
0.15248322147651006
0.15293064876957493
0.15293064876957493
0.152751677852349
0.15328859060402686
0.15167785234899328
0.15203579418344518
0.15149888143176735
0.15176733780760626
0.15221476510067114
0.15167785234899328
0.15185682326621924
0.15212527964205816
0.15221476510067114
0.1523937360178971
0.15293064876957493
0.152751677852349
0.15302013422818792
0.15328859060402686
0.15319910514541388
0.15319910514541388
0.1534675615212528
0.15284116331096198
0.15293064876957493
0.15293064876957493
0.1531096196868009
0.1531096196868009
0.15427293064876957
0.1549888143176734
0.15588366890380312
0.1559731543624161
0.15516778523489932
0.15516778523489932
0.1549888143176734
0.15606263982102908
0.15579418344519017
0.15588366890380312
0.15463087248322147
0.1548993288590604
0.15552572706935122
0.1549888143176734
0.15480984340044743
0.1538255033557047
0.1537360178970917
0.15427293064876957
0.15445190156599553
0.15400447427293065
0.1534675615212528
0.15293064876957493
0.15131991051454138
0.15131991051454138
0.1502460850111857
0.15033557046979865
0.14997762863534675
0.14997762863534675
0.1502460850111857
0.1509619686800895
0.15114093959731545
0.15114093959731545
0.15105145413870247
0.14997762863534675
0.1502460850111857
0.14961968680089485
0.14845637583892618
0.1487248322147651
0.14890380313199106
0.14944071588366892
0.14917225950782997
0.14944071588366892
0.14970917225950783
0.1502460850111857
0.14944071588366892
0.14935123042505594
0.14988814317673377
0.15069351230425057
0.15042505592841163
0.15105145413870247
0.1509619686800895
0.15257270693512304
0.15221476510067114
0.15194630872483222
0.14881431767337808
0.1483668903803132
0.14845637583892618
0.1483668903803132
0.14890380313199106
0.149082774049217
0.1487248322147651
0.14944071588366892
0.15033557046979865
0.1502460850111857
0.14961968680089485
0.15006711409395973
0.15078299776286352
0.15149888143176735
0.15131991051454138
0.15114093959731545
0.1506040268456376
0.15078299776286352
0.15185682326621924
0.15194630872483222
0.15203579418344518
0.15105145413870247
0.15105145413870247
0.15006711409395973
0.15006711409395973
0.15131991051454138
0.15302013422818792
0.1541834451901566
0.15463087248322147
0.15570469798657718
0.1552572706935123
0.15588366890380312
0.15588366890380312
0.15319910514541388
0.15293064876957493
0.152751677852349
0.15319910514541388
0.15436241610738255
0.1545413870246085
0.15463087248322147
0.15427293064876957
0.15445190156599553
0.1545413870246085
0.15355704697986577
0.15355704697986577
0.1534675615212528
0.15400447427293065
0.15230425055928412
0.15230425055928412
0.15266219239373602
0.15203579418344518
0.15302013422818792
0.15284116331096198
0.15293064876957493
0.15284116331096198
0.15328859060402686
0.1533780760626398
0.1537360178970917
0.1538255033557047
0.15480984340044743
0.15463087248322147
0.15543624161073827
0.1559731543624161
0.156331096196868
0.15686800894854586
0.1571364653243848
0.15695749440715884
0.15677852348993288
0.15668903803131992
0.15668903803131992
0.15740492170022372
0.15722595078299775
0.15767337807606263
0.15740492170022372
0.15767337807606263
0.1577628635346756
0.15677852348993288
0.15624161073825504
0.15615212527964206
0.15659955257270694
0.15642058165548098
0.156331096196868
0.15740492170022372
0.15722595078299775
0.1577628635346756
0.15758389261744968
0.15758389261744968
0.15740492170022372
0.1577628635346756
0.1581208053691275
0.15892617449664428
0.15901565995525727
0.15910514541387025
0.1592841163310962
0.15892617449664428
0.15919463087248323
0.1584787472035794
0.1592841163310962
0.15901565995525727
0.15919463087248323
0.15883668903803133
0.16008948545861298
0.15955257270693513
0.16008948545861298
0.16008948545861298
0.15946308724832214
0.15838926174496645
0.15740492170022372
0.156331096196868
0.15642058165548098
0.15579418344519017
0.15579418344519017
0.1556152125279642
0.1541834451901566
0.1531096196868009
0.1523937360178971
0.15230425055928412
0.15131991051454138
0.1508724832214765
0.1512304250559284
0.1515883668903803
0.1512304250559284
0.15185682326621924
0.15212527964205816
0.15266219239373602
0.15284116331096198
0.15248322147651006
0.15302013422818792
0.15293064876957493
0.1531096196868009
0.1533780760626398
0.15266219239373602
0.15212527964205816
0.15194630872483222
0.15212527964205816
0.15284116331096198
0.15302013422818792
0.15355704697986577
0.15391498881431767
0.15391498881431767
0.15507829977628634
0.15552572706935122
0.1552572706935123
0.15516778523489932
0.1553467561521253
0.15624161073825504
0.15588366890380312
0.15615212527964206
0.15624161073825504
0.1556152125279642
0.15552572706935122
0.1552572706935123
0.15436241610738255
0.15436241610738255
0.15445190156599553
0.15463087248322147
0.1533780760626398
0.15266219239373602
0.15230425055928412
0.15221476510067114
0.15293064876957493
0.15284116331096198
0.15328859060402686
0.15319910514541388
0.1531096196868009
0.1531096196868009
0.15355704697986577
0.15266219239373602
0.15266219239373602
0.15293064876957493
0.15212527964205816
0.15248322147651006
0.15212527964205816
0.15221476510067114
0.15257270693512304
0.15230425055928412
0.15203579418344518
0.15257270693512304
0.15293064876957493
0.15293064876957493
0.15248322147651006
0.15319910514541388
0.1533780760626398
0.15293064876957493
0.152751677852349
0.15364653243847876
0.1534675615212528
0.1533780760626398
0.1538255033557047
0.15409395973154363
0.15409395973154363
0.15409395973154363
0.15364653243847876
0.15391498881431767
0.15409395973154363
0.15427293064876957
0.1533780760626398
0.15293064876957493
0.15284116331096198
0.1523937360178971
0.15149888143176735
0.15069351230425057
0.14970917225950783
0.14935123042505594
0.14917225950782997
0.14881431767337808
0.14827740492170022
0.14818791946308724
0.14818791946308724
0.14863534675615211
0.14809843400447428
0.14854586129753916
0.14809843400447428
0.1480089485458613
0.14809843400447428
0.14818791946308724
0.1487248322147651
0.14845637583892618
0.14818791946308724
0.14827740492170022
0.1476510067114094
0.1480089485458613
0.14756152125279642
0.14774049217002236
0.1472930648769575
0.14756152125279642
0.1472930648769575
0.14747203579418344
0.14845637583892618
0.149082774049217
0.14899328859060404
0.14961968680089485
0.14997762863534675
0.149082774049217
0.14827740492170022
0.14845637583892618
0.14827740492170022
0.14917225950782997
0.14926174496644296
0.14890380313199106
0.14791946308724832
0.14738255033557046
0.14774049217002236
0.14702460850111856
0.1480089485458613
0.1480089485458613
0.14782997762863534
0.14738255033557046
0.1465771812080537
0.1461297539149888
0.14630872483221477
0.14630872483221477
0.14604026845637583
0.14568232662192393
0.1465771812080537
0.1461297539149888
0.14630872483221477
0.14666666666666667
0.14747203579418344
0.14702460850111856
0.14738255033557046
0.14666666666666667
0.14684563758389263
0.14630872483221477
0.1451454138702461
0.1462192393736018
0.14604026845637583
0.14523489932885905
0.14478747203579417
0.14505592841163312
0.14469798657718122
0.14469798657718122
0.14425055928411634
0.14460850111856824
0.14460850111856824
0.14532438478747203
0.14541387024608501
0.14604026845637583
0.14523489932885905
0.14568232662192393
0.14559284116331095
0.1458612975391499
0.1457718120805369
0.1458612975391499
0.1457718120805369
0.1458612975391499
0.1462192393736018
0.14559284116331095
0.14595078299776287
0.1457718120805369
0.14505592841163312
0.14425055928411634
0.14478747203579417
0.14523489932885905
0.14523489932885905
0.14639821029082775
0.1465771812080537
0.14738255033557046
0.14693512304250558
0.14774049217002236
0.1480089485458613
0.1476510067114094
0.1483668903803132
0.14845637583892618
0.14845637583892618
0.14917225950782997
0.14917225950782997
0.14899328859060404
0.14881431767337808
0.14917225950782997
0.14845637583892618
0.14845637583892618
0.14944071588366892
0.14970917225950783
0.1502460850111857
0.15078299776286352
0.15149888143176735
0.15203579418344518
0.15248322147651006
0.15248322147651006
0.15302013422818792
0.15400447427293065
0.15463087248322147
0.156331096196868
0.1571364653243848
0.15794183445190157
0.15874720357941835
0.1592841163310962
0.15883668903803133
0.15865771812080537
0.15722595078299775
0.15507829977628634
0.15463087248322147
0.15463087248322147
0.15400447427293065
0.1534675615212528
0.15284116331096198
0.152751677852349
0.15364653243847876
0.15319910514541388
0.152751677852349
0.1523937360178971
0.1531096196868009
0.15328859060402686
0.15302013422818792
0.1523937360178971
0.15185682326621924
0.15167785234899328
0.15185682326621924
0.1515883668903803
0.15140939597315436
0.15149888143176735
0.1512304250559284
0.15078299776286352
0.15033557046979865
0.15078299776286352
0.15149888143176735
0.1508724832214765
0.1506040268456376
0.1505145413870246
0.1509619686800895
0.14997762863534675
0.1508724832214765
0.15105145413870247
0.1506040268456376
0.15033557046979865
0.15042505592841163
0.1508724832214765
0.15105145413870247
0.15185682326621924
0.15257270693512304
0.152751677852349
0.152751677852349
0.15319910514541388
0.1537360178970917
0.1531096196868009
0.15221476510067114
0.15140939597315436
0.1515883668903803
0.15230425055928412
0.15293064876957493
0.15391498881431767
0.15400447427293065
0.15463087248322147
0.15400447427293065
0.1538255033557047
0.15427293064876957
0.15507829977628634
0.1556152125279642
0.15588366890380312
0.1559731543624161
0.1552572706935123
0.15588366890380312
0.1553467561521253
0.1552572706935123
0.1553467561521253
0.15543624161073827
0.15606263982102908
0.1559731543624161
0.156331096196868
0.156331096196868
0.156331096196868
0.1571364653243848
0.15704697986577182
0.15704697986577182
0.15704697986577182
0.15767337807606263
0.1581208053691275
0.15829977628635347
0.15838926174496645
0.15919463087248323
0.1596420581655481
0.15982102908277404
0.15946308724832214
0.15910514541387025
0.15910514541387025
0.15883668903803133
0.15919463087248323
0.15919463087248323
0.15910514541387025
0.15892617449664428
0.15892617449664428
0.15982102908277404
0.1596420581655481
0.16008948545861298
0.16026845637583892
0.1610738255033557
0.16080536912751678
0.1610738255033557
0.16044742729306488
0.16134228187919464
0.16143176733780762
0.16205816554809843
0.1628635346756152
0.16313199105145415
0.16366890380313198
0.16384787472035794
0.16456375838926174
0.16483221476510068
0.16429530201342282
0.16465324384787472
0.16420581655480984
0.1654586129753915
0.16519015659955258
0.16447427293064876
0.16366890380313198
0.16304250559284117
0.1622371364653244
0.1625055928411633
0.16277404921700223
0.16277404921700223
0.16340044742729307
0.16411633109619686
0.16402684563758388
0.16402684563758388
0.16384787472035794
0.16456375838926174
0.16420581655480984
0.16393736017897093
0.16340044742729307
0.16384787472035794
0.16402684563758388
0.16375838926174496
0.16393736017897093
0.16357941834451903
0.16402684563758388
0.16384787472035794
0.16348993288590605
0.1643847874720358
0.16420581655480984
0.16393736017897093
0.16420581655480984
0.16384787472035794
0.16402684563758388
0.16465324384787472
0.1643847874720358
0.16375838926174496
0.16313199105145415
0.1625950782997763
0.1622371364653244
0.1610738255033557
0.16143176733780762
0.16241610738255033
0.1628635346756152
0.1629530201342282
0.16357941834451903
0.16402684563758388
0.16465324384787472
0.16465324384787472
0.1647427293064877
0.1654586129753915
0.1661744966442953
0.16501118568232662
0.1654586129753915
0.16563758389261746
0.16554809843400448
0.1653691275167785
0.1654586129753915
0.1679642058165548
0.1683221476510067
0.16876957494407158
0.16957494407158838
0.16957494407158838
0.1691275167785235
0.1683221476510067
0.1679642058165548
0.1669798657718121
0.1665324384787472
0.16608501118568234
0.16572706935123044
0.16501118568232662
0.16492170022371364
0.16447427293064876
0.16447427293064876
0.16492170022371364
0.16447427293064876
0.16447427293064876
0.16465324384787472
0.1647427293064877
0.16483221476510068
0.16456375838926174
0.16402684563758388
0.16411633109619686
0.16447427293064876
0.1647427293064877
0.1647427293064877
0.1654586129753915
0.1654586129753915
0.1654586129753915
0.16608501118568234
0.16590604026845637
0.1661744966442953
0.1658165548098434
0.16599552572706935
0.16599552572706935
0.1658165548098434
0.16608501118568234
0.1661744966442953
0.1661744966442953
0.16599552572706935
0.16680089485458613
0.16680089485458613
0.16715883668903803
0.16662192393736017
0.16715883668903803
0.16778523489932887
0.167248322147651
0.16671140939597315
0.16671140939597315
0.16644295302013423
0.16635346756152125
0.16644295302013423
0.1669798657718121
0.16778523489932887
0.16814317673378076
0.16823266219239374
0.16876957494407158
0.16868008948545862
0.16850111856823266
0.1683221476510067
0.16680089485458613
0.167248322147651
0.1676062639821029
0.16778523489932887
0.16751677852348992
0.16751677852348992
0.16742729306487697
0.1676062639821029
0.16715883668903803
0.167337807606264
0.16742729306487697
0.1665324384787472
0.16626398210290827
0.16572706935123044
0.1653691275167785
0.16572706935123044
0.1661744966442953
0.1658165548098434
0.16626398210290827
0.16644295302013423
0.16644295302013423
0.16715883668903803
0.167248322147651
0.16787472035794185
0.16671140939597315
0.16519015659955258
0.1647427293064877
0.16519015659955258
0.1661744966442953
0.16554809843400448
0.16590604026845637
0.16671140939597315
0.16572706935123044
0.1654586129753915
0.16492170022371364
0.16492170022371364
0.1658165548098434
0.16492170022371364
0.16429530201342282
0.1647427293064877
0.16456375838926174
0.16393736017897093
0.16411633109619686
0.16492170022371364
0.16429530201342282
0.16492170022371364
0.16527964205816556
0.1651006711409396
0.16626398210290827
0.1658165548098434
0.1654586129753915
0.16554809843400448
0.16563758389261746
0.16572706935123044
0.1651006711409396
0.16492170022371364
0.16429530201342282
0.16348993288590605
0.16313199105145415
0.1625950782997763
0.16241610738255033
0.1622371364653244
0.16205816554809843
0.16178970917225952
0.16196868008948545
0.16187919463087247
0.1621476510067114
0.1625055928411633
0.1625950782997763
0.16313199105145415
0.16366890380313198
0.16357941834451903
0.16375838926174496
0.16402684563758388
0.16465324384787472
0.16232662192393735
0.16205816554809843
0.16125279642058166
0.1607158836689038
0.1610738255033557
0.16116331096196868
0.16125279642058166
0.16116331096196868
0.16017897091722594
0.16017897091722594
0.1597315436241611
0.15919463087248323
0.16017897091722594
0.15955257270693513
0.1596420581655481
0.15955257270693513
0.15982102908277404
0.15919463087248323
0.15991051454138702
0.1597315436241611
0.1607158836689038
0.16044742729306488
0.16044742729306488
0.16044742729306488
0.16
0.15937360178970916
0.15982102908277404
0.15955257270693513
0.15910514541387025
0.15937360178970916
0.15955257270693513
0.1597315436241611
0.1592841163310962
0.15803131991051453
0.15803131991051453
0.15794183445190157
0.15794183445190157
0.15865771812080537
0.1582102908277405
0.1584787472035794
0.15865771812080537
0.15838926174496645
0.15794183445190157
0.15695749440715884
0.15722595078299775
0.15731543624161073
0.15731543624161073
0.15767337807606263
0.1578523489932886
0.15695749440715884
0.15615212527964206
0.1545413870246085
0.1541834451901566
0.1541834451901566
0.15400447427293065
0.15480984340044743
0.15436241610738255
0.1556152125279642
0.15606263982102908
0.15651006711409396
0.15651006711409396
0.15651006711409396
0.15642058165548098
0.15588366890380312
0.15651006711409396
0.156331096196868
0.156331096196868
0.15677852348993288
0.15731543624161073
0.15767337807606263
0.15758389261744968
0.15695749440715884
0.15695749440715884
0.15758389261744968
0.15686800894854586
0.1574944071588367
0.15829977628635347
0.1581208053691275
0.1585682326621924
0.15883668903803133
0.15919463087248323
0.1592841163310962
0.15901565995525727
0.15937360178970916
0.1592841163310962
0.15874720357941835
0.1592841163310962
0.15919463087248323
0.16008948545861298
0.16062639821029082
0.16098434004474274
0.16
0.16017897091722594
0.16
0.1603579418344519
0.16017897091722594
0.16053691275167786
0.1607158836689038
0.16098434004474274
0.1610738255033557
0.16161073825503355
0.16170022371364653
0.16161073825503355
0.16152125279642057
0.16178970917225952
0.16187919463087247
0.1622371364653244
0.16232662192393735
0.16232662192393735
0.16187919463087247
0.16152125279642057
0.16125279642058166
0.16098434004474274
0.16098434004474274
0.1610738255033557
0.16116331096196868
0.16089485458612976
0.16053691275167786
0.16116331096196868
0.16098434004474274
0.1607158836689038
0.16170022371364653
0.16134228187919464
0.16196868008948545
0.16152125279642057
0.16178970917225952
0.1621476510067114
0.16170022371364653
0.16143176733780762
0.16134228187919464
0.16134228187919464
0.16089485458612976
0.1607158836689038
0.16116331096196868
0.16062639821029082
0.16098434004474274
0.16134228187919464
0.16089485458612976
0.16134228187919464
0.1610738255033557
0.16116331096196868
0.16080536912751678
0.1610738255033557
0.16098434004474274
0.16017897091722594
0.15982102908277404
0.1592841163310962
0.15919463087248323
0.1592841163310962
0.1592841163310962
0.15874720357941835
0.15865771812080537
0.15892617449664428
0.15910514541387025
0.1584787472035794
0.1577628635346756
0.15731543624161073
0.15695749440715884
0.15740492170022372
0.15677852348993288
0.15615212527964206
0.15570469798657718
0.15516778523489932
0.1538255033557047
0.1533780760626398
0.15302013422818792
0.15266219239373602
0.15284116331096198
0.15167785234899328
0.15131991051454138
0.15114093959731545
0.15105145413870247
0.15042505592841163
0.1508724832214765
0.1508724832214765
0.15114093959731545
0.15114093959731545
0.15149888143176735
0.15114093959731545
0.1501565995525727
0.14926174496644296
0.14854586129753916
0.14782997762863534
0.1472930648769575
0.14738255033557046
0.14702460850111856
0.1465771812080537
0.1462192393736018
0.14639821029082775
0.14666666666666667
0.1465771812080537
0.14738255033557046
0.1476510067114094
0.14818791946308724
0.14782997762863534
0.14774049217002236
0.1476510067114094
0.14738255033557046
0.14756152125279642
0.14756152125279642
0.1476510067114094
0.14809843400447428
0.14827740492170022
0.14809843400447428
0.14854586129753916
0.14935123042505594
0.14997762863534675
0.15078299776286352
0.15131991051454138
0.15212527964205816
0.152751677852349
0.15391498881431767
0.15463087248322147
0.1553467561521253
0.15588366890380312
0.15686800894854586
0.15695749440715884
0.15704697986577182
0.15758389261744968
0.1582102908277405
0.15838926174496645
0.1584787472035794
0.15874720357941835
0.1596420581655481
0.1597315436241611
0.15955257270693513
0.15955257270693513
0.16017897091722594
0.16053691275167786
0.16205816554809843
0.16277404921700223
0.16375838926174496
0.16465324384787472
0.16331096196868009
0.16393736017897093
0.16456375838926174
0.16429530201342282
0.16501118568232662
0.16527964205816556
0.1658165548098434
0.1651006711409396
0.16554809843400448
0.1654586129753915
0.16519015659955258
0.16456375838926174
0.16465324384787472
0.16429530201342282
0.16348993288590605
0.16420581655480984
0.1643847874720358
0.16429530201342282
0.16465324384787472
0.16527964205816556
0.1651006711409396
0.16519015659955258
0.16501118568232662
0.16402684563758388
0.16447427293064876
0.16384787472035794
0.16313199105145415
0.16313199105145415
0.16313199105145415
0.16187919463087247
0.16161073825503355
0.16178970917225952
0.16232662192393735
0.16268456375838927
0.16277404921700223
0.1625055928411633
0.16241610738255033
0.16152125279642057
0.1610738255033557
0.16089485458612976
0.1610738255033557
0.16026845637583892
0.16026845637583892
0.1596420581655481
0.16
0.16026845637583892
0.16026845637583892
0.16017897091722594
0.16044742729306488
0.1607158836689038
0.1610738255033557
0.16053691275167786
0.1597315436241611
0.16017897091722594
0.1596420581655481
0.15901565995525727
0.1582102908277405
0.1581208053691275
0.1574944071588367
0.1571364653243848
0.15695749440715884
0.15659955257270694
0.15668903803131992
0.15642058165548098
0.15588366890380312
0.15606263982102908
0.15606263982102908
0.1559731543624161
0.15651006711409396
0.15704697986577182
0.15615212527964206
0.1553467561521253
0.15588366890380312
0.15570469798657718
0.15615212527964206
0.15472035794183445
0.15436241610738255
0.1541834451901566
0.15364653243847876
0.15302013422818792
0.1523937360178971
0.15212527964205816
0.15114093959731545
0.1509619686800895
0.1508724832214765
0.15069351230425057
0.15033557046979865
0.1506040268456376
0.1506040268456376
0.15006711409395973
0.15006711409395973
0.14899328859060404
0.1487248322147651
0.14818791946308724
0.14774049217002236
0.14827740492170022
0.14827740492170022
0.14944071588366892
0.15042505592841163
0.15042505592841163
0.15069351230425057
0.15176733780760626
0.15266219239373602
0.15185682326621924
0.15176733780760626
0.15203579418344518
0.15248322147651006
0.15176733780760626
0.15131991051454138
0.15140939597315436
0.15149888143176735
0.15140939597315436
0.1515883668903803
0.15185682326621924
0.15194630872483222
0.15266219239373602
0.15230425055928412
0.1531096196868009
0.15293064876957493
0.15293064876957493
0.15248322147651006
0.15248322147651006
0.15194630872483222
0.1515883668903803
0.15131991051454138
0.1505145413870246
0.1502460850111857
0.14970917225950783
0.14961968680089485
0.14935123042505594
0.14881431767337808
0.14890380313199106
0.14899328859060404
0.14899328859060404
0.14863534675615211
0.14854586129753916
0.1487248322147651
0.14863534675615211
0.14854586129753916
0.14917225950782997
0.149082774049217
0.14881431767337808
0.14917225950782997
0.14953020134228187
0.149082774049217
0.149082774049217
0.14881431767337808
0.14863534675615211
0.14890380313199106
0.14890380313199106
0.14890380313199106
0.14917225950782997
0.14881431767337808
0.14935123042505594
0.14899328859060404
0.14791946308724832
0.14854586129753916
0.1483668903803132
0.1483668903803132
0.1487248322147651
0.14809843400447428
0.14845637583892618
0.14881431767337808
0.14953020134228187
0.14944071588366892
0.14917225950782997
0.14881431767337808
0.14827740492170022
0.14818791946308724
0.14791946308724832
0.149082774049217
0.14791946308724832
0.1480089485458613
0.14809843400447428
0.14818791946308724
0.14854586129753916
0.14961968680089485
0.15042505592841163
0.15069351230425057
0.1508724832214765
0.1506040268456376
0.14935123042505594
0.14944071588366892
0.14970917225950783
0.1502460850111857
0.14988814317673377
0.1501565995525727
0.15042505592841163
0.14961968680089485
0.149082774049217
0.14890380313199106
0.14854586129753916
0.14890380313199106
0.14961968680089485
0.14997762863534675
0.14961968680089485
0.14917225950782997
0.14926174496644296
0.14935123042505594
0.14944071588366892
0.14926174496644296
0.14953020134228187
0.14961968680089485
0.15006711409395973
0.15006711409395973
0.14961968680089485
0.1501565995525727
0.1487248322147651
0.14890380313199106
0.14899328859060404
0.14917225950782997
0.14881431767337808
0.14756152125279642
0.14693512304250558
0.14747203579418344
0.14720357941834453
0.1480089485458613
0.1487248322147651
0.14988814317673377
0.14935123042505594
0.14970917225950783
0.15006711409395973
0.15033557046979865
0.14970917225950783
0.14970917225950783
0.14988814317673377
0.15069351230425057
0.15033557046979865
0.15042505592841163
0.15042505592841163
0.1508724832214765
0.1515883668903803
0.15114093959731545
0.14953020134228187
0.14970917225950783
0.14970917225950783
0.149082774049217
0.14863534675615211
0.14791946308724832
0.14756152125279642
0.14720357941834453
0.14630872483221477
0.1465771812080537
0.14604026845637583
0.145503355704698
0.14442953020134228
0.14478747203579417
0.14469798657718122
0.14487695749440715
0.1451454138702461
0.14505592841163312
0.14496644295302014
0.1457718120805369
0.14595078299776287
0.1462192393736018
0.14702460850111856
0.1462192393736018
0.1465771812080537
0.14684563758389263
0.14791946308724832
0.14944071588366892
0.14970917225950783
0.14988814317673377
0.14944071588366892
0.15006711409395973
0.14997762863534675
0.15069351230425057
0.15069351230425057
0.1502460850111857
0.14997762863534675
0.14988814317673377
0.1506040268456376
0.15105145413870247
0.15140939597315436
0.15167785234899328
0.1523937360178971
0.15293064876957493
0.1523937360178971
0.15203579418344518
0.15221476510067114
0.1515883668903803
0.15194630872483222
0.1523937360178971
0.1523937360178971
0.1523937360178971
0.1541834451901566
0.15409395973154363
0.1537360178970917
0.1537360178970917
0.15355704697986577
0.1538255033557047
0.15445190156599553
0.15516778523489932
0.1541834451901566
0.1538255033557047
0.15364653243847876
0.1537360178970917
0.1533780760626398
0.15400447427293065
0.1533780760626398
0.15302013422818792
0.15284116331096198
0.15284116331096198
0.152751677852349
0.15257270693512304
0.15284116331096198
0.15257270693512304
0.15185682326621924
0.15131991051454138
0.15131991051454138
0.1515883668903803
0.15149888143176735
0.15078299776286352
0.15033557046979865
0.1501565995525727
0.14988814317673377
0.1502460850111857
0.1502460850111857
0.15069351230425057
0.15105145413870247
0.1512304250559284
0.15114093959731545
0.15149888143176735
0.15203579418344518
0.15131991051454138
0.15212527964205816
0.1512304250559284
0.1515883668903803
0.15131991051454138
0.15176733780760626
0.15149888143176735
0.15114093959731545
0.1515883668903803
0.15185682326621924
0.15212527964205816
0.15212527964205816
0.15131991051454138
0.1515883668903803
0.15212527964205816
0.15257270693512304
0.15266219239373602
0.15230425055928412
0.15257270693512304
0.15257270693512304
0.15302013422818792
0.1534675615212528
0.1533780760626398
0.15409395973154363
0.15391498881431767
0.15400447427293065
0.1537360178970917
0.15355704697986577
0.15302013422818792
0.15284116331096198
0.15293064876957493
0.15328859060402686
0.15293064876957493
0.15319910514541388
0.15328859060402686
0.15319910514541388
0.15284116331096198
0.15248322147651006
0.1523937360178971
0.15284116331096198
0.15248322147651006
0.15194630872483222
0.1509619686800895
0.1509619686800895
0.15042505592841163
0.15069351230425057
0.15069351230425057
0.15078299776286352
0.15114093959731545
0.15078299776286352
0.15078299776286352
0.15078299776286352
0.15185682326621924
0.1515883668903803
0.15176733780760626
0.15203579418344518
0.15230425055928412
0.15284116331096198
0.1523937360178971
0.15212527964205816
0.15248322147651006
0.15302013422818792
0.15293064876957493
0.15364653243847876
0.15427293064876957
0.15445190156599553
0.1548993288590604
0.15543624161073827
0.15615212527964206
0.15668903803131992
0.156331096196868
0.15588366890380312
0.15570469798657718
0.1556152125279642
0.15507829977628634
0.1552572706935123
0.15570469798657718
0.1549888143176734
0.15552572706935122
0.1556152125279642
0.15480984340044743
0.15427293064876957
0.15427293064876957
0.15436241610738255
0.15391498881431767
0.15328859060402686
0.1534675615212528
0.1538255033557047
0.1537360178970917
0.1533780760626398
0.1534675615212528
0.15355704697986577
0.15364653243847876
0.15436241610738255
0.15472035794183445
0.1549888143176734
0.15543624161073827
0.1548993288590604
0.15552572706935122
0.15445190156599553
0.1545413870246085
0.15409395973154363
0.15427293064876957
0.15427293064876957
0.1538255033557047
0.1531096196868009
0.15302013422818792
0.15248322147651006
0.15185682326621924
0.15078299776286352
0.15105145413870247
0.1509619686800895
0.15069351230425057
0.15042505592841163
0.15006711409395973
0.1509619686800895
0.15167785234899328
0.15230425055928412
0.15149888143176735
0.15167785234899328
0.15078299776286352
0.15042505592841163
0.15078299776286352
0.15176733780760626
0.15248322147651006
0.15293064876957493
0.1534675615212528
0.15319910514541388
0.152751677852349
0.15185682326621924
0.15185682326621924
0.1506040268456376
0.14988814317673377
0.14979865771812081
0.14961968680089485
0.14997762863534675
0.14997762863534675
0.14944071588366892
0.14863534675615211
0.14818791946308724
0.14782997762863534
0.14738255033557046
0.14720357941834453
0.14756152125279642
0.14791946308724832
0.1472930648769575
0.1476510067114094
0.1487248322147651
0.14979865771812081
0.15114093959731545
0.15131991051454138
0.15194630872483222
0.15176733780760626
0.1515883668903803
0.15221476510067114
0.15221476510067114
0.15266219239373602
0.1531096196868009
0.15328859060402686
0.15319910514541388
0.15328859060402686
0.15355704697986577
0.15427293064876957
0.15480984340044743
0.1553467561521253
0.1559731543624161
0.15606263982102908
0.15651006711409396
0.15695749440715884
0.1577628635346756
0.15910514541387025
0.1581208053691275
0.15829977628635347
0.15829977628635347
0.15686800894854586
0.15704697986577182
0.15606263982102908
0.15651006711409396
0.15686800894854586
0.15579418344519017
0.1545413870246085
0.15364653243847876
0.1538255033557047
0.15328859060402686
0.15355704697986577
0.15391498881431767
0.1552572706935123
0.15507829977628634
0.1552572706935123
0.15427293064876957
0.1534675615212528
0.15328859060402686
0.1537360178970917
0.15328859060402686
0.15319910514541388
0.15257270693512304
0.1523937360178971
0.15221476510067114
0.15230425055928412
0.15266219239373602
0.15302013422818792
0.15221476510067114
0.15248322147651006
0.15194630872483222
0.15176733780760626
0.15176733780760626
0.15167785234899328
0.1515883668903803
0.15105145413870247
0.1509619686800895
0.15114093959731545
0.1508724832214765
0.1505145413870246
0.1509619686800895
0.1509619686800895
0.1512304250559284
0.1509619686800895
0.15140939597315436
0.15140939597315436
0.15105145413870247
0.1509619686800895
